junction	type	ERR2598058	ERR2598059	ERR2598060	ERR2598081	ERR2598082	ERR2598095	ERR2598096	ERR2598112	ERR2598113	ERR2598114	ERR2598128	ERR2598129	ERR2598130	ERR2598156	ERR2598157	ERR2598158	ERR2598172	ERR2598186	ERR2598187	ERR2598199	ERR2598200	ERR2598215	ERR2598216	ERR2598240	ERR2598258	ERR2598259	ERR2598296	ERR2598297	ERR2598298	ERR2598299	ERR2598333	ERR2598342	ERR2598343	ERR2598139	ERR2598140	ERR2598141	ERR2598239	geneID	geneName
chr5:157266196-157285338	N_w	2	3	0	0	3	5	11	0	0	2	3	0	1	18	2	7	2	0	0	0	3	1	3	2	0	2	1	5	1	3	7	16	2	7	0	11	1	ENSG00000055163.19	CYFIP2
chr5:157266585-157285338	N_w	0	2	0	1	0	0	2	1	0	4	1	0	0	13	1	6	0	1	0	0	1	1	1	0	0	0	4	8	10	3	5	15	5	1	0	7	1	ENSG00000055163.19	CYFIP2
chr5:157269584-157285338	N_w	0	1	0	0	0	0	2	0	0	1	1	0	0	13	4	12	0	0	0	0	0	0	0	0	0	0	10	6	3	2	5	28	1	4	0	4	0	ENSG00000055163.19	CYFIP2
chr5:157285479-157287018	N_w	35	49	24	28	23	18	66	26	13	62	33	2	15	464	76	93	11	17	14	5	29	19	22	25	2	26	68	89	69	75	86	196	80	57	2	54	26	ENSG00000055163.19	CYFIP2
chr5:157287109-157294782	N_w	13	16	14	9	8	8	19	10	9	16	14	3	8	170	30	26	5	4	6	1	14	7	5	4	3	6	28	32	27	19	24	63	24	26	7	22	7	ENSG00000055163.19	CYFIP2
chr5:157287109-157296672	N_w	0	0	0	0	0	1	0	0	0	1	0	0	1	1	0	1	0	0	0	0	0	0	0	0	2	0	0	1	1	1	0	1	0	2	0	0	0	ENSG00000055163.19	CYFIP2
chr5:157294861-157296672	N_w	21	55	24	30	30	22	64	25	29	64	43	6	14	558	63	92	22	16	27	8	29	19	36	35	11	26	91	96	81	82	71	277	62	65	10	84	23	ENSG00000055163.19	CYFIP2
chr5:157296775-157300714	N_w	14	20	18	15	9	10	31	9	11	28	20	2	6	163	35	45	0	11	6	10	17	14	9	3	4	10	47	33	35	32	34	87	29	25	2	26	9	ENSG00000055163.19	CYFIP2
chr5:157300897-157302793	N_w	15	27	16	12	13	17	38	17	10	38	18	4	6	300	53	49	8	14	10	9	21	13	15	16	6	20	53	62	59	37	51	149	33	34	7	45	16	ENSG00000055163.19	CYFIP2
chr5:157302891-157304237	N_w	28	64	25	26	23	30	64	26	28	61	36	9	26	436	74	91	9	15	16	25	45	21	23	11	17	20	82	92	78	85	83	237	82	52	23	98	26	ENSG00000055163.19	CYFIP2
chr5:157304367-157307760	N_w	27	50	22	23	23	28	46	24	23	45	38	21	24	199	48	82	8	8	23	3	21	15	27	16	21	23	58	64	61	54	56	168	61	47	42	54	26	ENSG00000055163.19	CYFIP2
chr5:157307866-157309742	N_w	15	29	15	23	8	17	33	13	21	38	30	15	18	123	46	54	3	10	13	5	24	18	12	7	12	8	50	44	39	42	35	111	42	32	35	36	17	ENSG00000055163.19	CYFIP2
chr5:157307866-157309745	N_w	0	0	0	1	1	0	2	1	1	0	1	0	0	4	0	0	0	0	0	0	1	0	0	1	1	0	0	1	0	1	0	0	0	1	0	0	0	ENSG00000055163.19	CYFIP2
chr5:157309835-157311663	N_w	19	28	12	25	17	20	32	14	29	40	26	12	25	200	41	56	7	11	11	11	24	14	17	26	12	18	62	56	52	60	61	164	57	32	19	45	14	ENSG00000055163.19	CYFIP2
chr5:157311782-157314343	N_w	23	25	15	21	23	15	40	13	9	40	18	0	7	154	34	55	7	19	6	9	24	12	14	13	2	18	51	53	38	51	39	184	51	39	3	48	10	ENSG00000055163.19	CYFIP2
chr5:157314464-157314879	N_w	0	0	0	0	0	0	1	0	0	0	0	0	0	5	0	1	0	0	0	0	0	0	0	0	0	0	4	0	6	0	0	4	1	1	1	0	0	ENSG00000055163.19	CYFIP2
chr5:157314464-157314968	N_w	22	24	14	15	20	18	35	17	9	29	28	2	1	166	27	43	6	5	6	1	15	12	20	20	0	12	64	57	36	39	35	200	37	23	1	29	16	ENSG00000055163.19	CYFIP2
chr5:157315095-157319761	N_w	25	32	26	22	24	21	52	19	27	64	33	4	15	187	57	49	4	7	19	3	32	15	9	11	6	15	86	76	84	61	38	242	69	36	10	59	14	ENSG00000055163.19	CYFIP2
chr5:157319929-157320654	N_w	17	31	30	31	20	19	35	21	5	14	32	0	5	220	40	62	6	13	9	5	11	13	14	10	0	12	78	56	31	60	55	242	68	53	1	52	15	ENSG00000055163.19	CYFIP2
chr5:157320803-157323920	N_w	29	40	24	29	26	32	47	23	15	46	36	6	23	240	65	76	4	14	25	13	36	19	23	8	2	36	131	85	79	70	53	312	68	50	7	63	27	ENSG00000055163.19	CYFIP2
chr5:157324075-157324770	N_w	0	0	0	0	0	0	0	1	0	0	0	0	0	5	0	2	0	0	1	0	0	0	0	0	0	0	0	0	0	0	0	2	0	0	0	0	0	ENSG00000055163.19	CYFIP2
chr5:157324075-157325481	N_w	34	45	22	17	16	19	45	14	24	55	37	4	25	203	53	52	11	16	24	7	22	20	25	13	12	19	98	103	90	60	72	302	87	39	21	50	29	ENSG00000055163.19	CYFIP2
chr5:157324901-157325481	N_w	1	0	0	0	0	0	1	0	0	0	1	0	0	12	1	0	0	2	0	0	0	0	0	0	0	0	2	0	3	1	1	3	1	0	0	3	0	ENSG00000055163.19	CYFIP2
chr5:157325639-157326170	N_w	53	57	35	33	29	41	66	39	50	60	47	19	42	353	66	98	21	29	23	23	32	24	46	21	33	38	154	138	109	114	90	420	156	55	48	93	40	ENSG00000055163.19	CYFIP2
chr5:157326268-157327972	N_w	12	0	16	7	12	10	17	8	19	22	17	15	13	70	19	24	5	7	4	1	23	4	3	1	15	16	38	22	30	21	28	64	28	0	24	13	14	ENSG00000055163.19	CYFIP2
chr5:157328050-157330741	N_w	53	45	27	33	28	25	65	34	70	67	35	38	41	361	67	110	11	29	21	15	33	23	32	27	24	29	155	140	103	88	87	393	109	44	42	48	27	ENSG00000055163.19	CYFIP2
chr5:157330851-157333326	N_w	49	41	39	33	28	29	75	26	44	64	47	33	30	359	86	77	10	17	22	21	35	27	27	33	35	29	153	111	99	94	70	379	99	61	63	72	25	ENSG00000055163.19	CYFIP2
chr5:157333447-157339056	N_w	27	38	35	28	27	22	54	19	22	58	38	4	17	236	53	69	4	14	15	7	25	19	18	7	9	20	119	99	73	50	69	283	80	46	15	39	22	ENSG00000055163.19	CYFIP2
chr5:157339257-157341069	N_w	68	68	41	36	52	36	75	33	53	82	54	16	35	403	67	95	15	27	28	35	53	21	60	39	12	40	260	147	130	105	84	679	172	95	23	96	42	ENSG00000055163.19	CYFIP2
chr5:157341158-157359004	N_w	53	93	73	64	65	51	112	54	97	104	79	31	63	594	81	160	19	44	43	18	81	39	99	59	48	47	340	235	200	172	162	867	263	101	53	134	37	ENSG00000055163.19	CYFIP2
chr5:157359149-157360281	N_w	51	40	38	37	40	20	74	25	70	68	36	28	43	276	76	85	3	24	18	7	35	19	26	23	25	37	249	113	120	92	107	529	177	40	57	78	25	ENSG00000055163.19	CYFIP2
chr5:157360373-157360554	N_w	1	0	0	0	0	1	2	0	0	1	0	0	0	5	2	1	0	0	0	0	0	1	0	0	1	0	0	1	5	1	0	2	0	0	0	3	0	ENSG00000055163.19	CYFIP2
chr5:157360373-157361467	N_w	74	81	58	52	68	52	117	47	80	116	66	29	61	577	108	139	24	25	34	21	63	41	70	54	40	36	344	184	163	156	130	914	255	97	43	127	61	ENSG00000055163.19	CYFIP2
chr5:157360623-157361467	N_w	0	0	1	0	0	0	0	0	1	0	1	0	0	13	1	2	0	0	0	0	2	0	1	1	1	2	2	0	7	2	0	2	0	0	0	4	0	ENSG00000055163.19	CYFIP2
chr5:157361599-157382589	N_w	44	55	43	39	44	33	65	33	51	68	19	6	32	383	54	104	14	21	21	14	33	19	35	32	17	39	249	157	134	107	102	519	165	63	15	84	29	ENSG00000055163.19	CYFIP2
chr5:157382663-157383264	N_w	40	36	38	30	29	30	54	19	35	62	31	4	16	204	66	56	10	19	12	14	40	21	19	11	5	30	209	109	88	80	73	479	122	59	16	55	27	ENSG00000055163.19	CYFIP2
chr5:157383360-157389188	N_w	28	14	34	31	20	30	72	13	10	37	33	0	6	192	32	53	7	21	7	11	28	25	25	11	0	22	161	76	69	76	68	412	151	39	0	55	20	ENSG00000055163.19	CYFIP2
chr5:157389428-157390520	N_w	18	20	32	21	19	14	59	16	8	22	23	0	4	203	30	56	5	7	3	8	21	14	13	8	2	25	104	95	61	43	36	276	104	32	1	42	12	ENSG00000055163.19	CYFIP2
chr5:157389428-157392832	N_w	0	0	0	1	0	0	1	0	0	0	0	0	0	0	1	1	0	0	0	0	1	1	1	1	0	0	0	0	1	0	0	0	1	2	0	0	3	ENSG00000055163.19	CYFIP2
chr5:157390669-157392832	N_w	41	34	42	29	35	31	74	16	30	58	31	11	20	272	45	68	9	24	16	18	44	16	34	19	11	33	199	127	109	89	89	495	193	55	9	67	17	ENSG00000055163.19	CYFIP2
chr2:182925819-182926815	N_w	58	46	26	53	27	32	29	13	66	45	28	61	52	59	41	36	7	41	38	30	39	50	54	33	69	31	12	40	39	47	21	39	38	47	66	13	34	ENSG00000061676.14	NCKAP1
chr2:182926906-182928116	N_w	239	181	120	128	120	136	130	92	259	195	137	200	180	237	176	149	69	195	162	143	151	170	168	105	181	100	60	122	148	133	83	113	82	219	260	54	158	ENSG00000061676.14	NCKAP1
chr2:182928227-182928782	N_w	140	132	90	74	70	110	90	53	200	128	64	108	112	221	102	119	49	120	99	59	118	121	143	124	122	78	35	80	82	89	63	98	68	143	171	65	114	ENSG00000061676.14	NCKAP1
chr2:182928900-182930694	N_w	165	144	111	107	88	107	92	50	176	151	64	152	130	181	134	137	43	145	99	109	104	108	109	70	159	106	69	99	114	115	59	138	99	157	197	59	109	ENSG00000061676.14	NCKAP1
chr2:182930789-182934751	N_w	96	90	76	67	57	80	76	29	118	97	54	118	99	110	113	86	24	78	63	70	64	79	44	42	121	66	45	61	80	56	43	69	51	100	147	52	72	ENSG00000061676.14	NCKAP1
chr2:182930789-182942069	N_w	0	4	0	0	0	1	0	0	0	0	0	0	0	0	0	0	0	0	1	0	1	0	0	0	0	0	1	0	0	0	0	0	0	0	0	2	1	ENSG00000061676.14	NCKAP1
chr2:182934833-182935264	N_w	0	0	0	0	0	0	0	0	0	4	0	0	0	2	1	0	0	0	2	0	1	0	1	0	1	0	0	0	1	1	0	0	0	0	0	0	0	ENSG00000061676.14	NCKAP1
chr2:182934833-182935292	N_w	85	93	54	68	47	89	61	41	131	81	51	116	75	73	72	65	14	69	90	54	63	79	40	54	115	60	33	57	61	49	44	85	41	85	140	34	73	ENSG00000061676.14	NCKAP1
chr2:182935376-182942069	N_w	225	183	109	134	119	149	155	81	215	221	113	259	177	233	203	193	59	158	180	124	158	161	169	126	271	96	47	99	116	152	109	179	91	195	298	113	138	ENSG00000061676.14	NCKAP1
chr2:182942164-182952404	N_w	108	113	90	68	83	74	65	48	139	98	72	135	129	147	63	132	25	94	103	62	58	104	184	105	145	61	20	97	43	80	51	33	58	91	151	57	81	ENSG00000061676.14	NCKAP1
chr2:182952503-182952792	N_w	142	145	81	110	76	101	93	48	150	145	64	158	111	128	91	116	22	112	132	78	83	101	105	91	137	49	17	77	95	89	62	35	50	146	193	41	95	ENSG00000061676.14	NCKAP1
chr2:182952924-182953112	N_w	108	143	71	104	54	90	93	55	169	141	97	134	124	139	144	118	34	120	134	79	100	138	89	68	143	69	21	57	111	99	63	52	66	149	223	41	97	ENSG00000061676.14	NCKAP1
chr2:182953332-182956461	N_w	127	139	87	66	83	100	89	55	166	133	85	162	134	145	103	101	71	98	126	80	95	93	120	142	134	75	36	48	112	101	70	87	61	156	197	43	113	ENSG00000061676.14	NCKAP1
chr2:182956594-182957456	N_w	95	104	78	65	57	85	60	33	117	116	65	89	91	113	110	101	57	79	107	50	60	92	77	80	90	53	29	43	81	69	46	103	39	119	143	86	76	ENSG00000061676.14	NCKAP1
chr2:182957597-182962158	N_w	95	101	55	65	46	59	56	36	129	108	52	104	68	70	81	72	31	85	73	41	65	91	40	36	84	64	10	55	78	52	42	63	47	90	144	59	65	ENSG00000061676.14	NCKAP1
chr2:182962279-182964675	N_w	87	106	73	72	59	83	66	46	113	97	51	100	101	135	114	113	37	79	107	39	69	95	83	57	92	59	24	48	69	86	35	51	27	130	137	56	77	ENSG00000061676.14	NCKAP1
chr2:182964809-182967215	N_w	101	137	56	78	60	80	83	48	117	118	77	158	100	94	111	87	23	97	93	56	72	75	41	46	104	43	18	36	96	89	50	40	35	128	188	50	61	ENSG00000061676.14	NCKAP1
chr2:182967362-182976892	N_w	71	94	39	73	52	45	43	37	86	100	39	86	79	65	88	75	16	51	70	56	38	58	31	52	110	45	21	35	43	47	48	24	22	84	145	48	65	ENSG00000061676.14	NCKAP1
chr2:182976952-182978833	N_w	65	92	49	69	38	46	60	30	105	111	42	99	70	38	88	55	9	60	87	55	48	54	29	30	83	45	11	36	45	34	24	22	15	100	134	27	72	ENSG00000061676.14	NCKAP1
chr2:182978916-182981243	N_w	85	108	57	57	45	55	63	30	97	79	58	82	67	96	91	104	37	68	88	27	75	72	40	33	65	44	22	49	61	73	36	63	39	113	131	68	61	ENSG00000061676.14	NCKAP1
chr2:182981377-182982820	N_w	116	162	62	77	61	94	72	63	135	130	87	142	115	103	107	113	38	91	122	65	79	97	86	93	109	50	17	62	97	97	56	73	33	161	187	59	83	ENSG00000061676.14	NCKAP1
chr2:182982928-182983285	N_w	64	84	37	35	32	43	44	28	61	72	45	66	51	47	64	68	27	39	84	19	40	41	34	40	41	35	22	28	57	56	23	47	20	76	79	59	27	ENSG00000061676.14	NCKAP1
chr2:182983383-182986170	N_w	56	71	34	25	46	46	47	21	74	75	38	58	58	48	71	73	19	44	66	21	28	44	35	43	56	23	17	30	54	28	27	42	24	62	88	45	28	ENSG00000061676.14	NCKAP1
chr2:182986228-182989029	N_w	80	124	62	29	48	64	72	39	111	118	55	120	69	72	76	73	25	82	99	30	53	66	36	56	90	37	20	42	70	52	38	43	32	101	133	49	59	ENSG00000061676.14	NCKAP1
chr2:182989187-182994838	N_w	79	117	53	51	47	59	81	42	95	105	75	95	94	117	107	91	39	60	121	44	72	58	56	54	68	47	21	46	105	56	32	49	34	131	158	57	57	ENSG00000061676.14	NCKAP1
chr2:182994888-182995700	N_w	75	139	53	57	42	62	86	39	106	95	63	76	92	100	92	78	41	60	115	53	77	61	48	53	79	37	16	56	85	66	35	67	28	103	141	60	58	ENSG00000061676.14	NCKAP1
chr2:182995839-183001952	N_w	41	92	27	39	37	29	54	23	63	72	44	68	41	65	81	65	23	52	67	36	45	42	38	45	54	29	18	21	51	32	21	36	20	69	83	42	34	ENSG00000061676.14	NCKAP1
chr2:183002044-183002126	N_w	22	60	19	67	18	18	26	13	38	77	20	36	29	51	49	46	22	23	51	11	17	22	24	32	22	17	8	22	49	45	25	39	11	40	46	59	19	ENSG00000061676.14	NCKAP1
chr2:183002270-183002973	N_w	36	72	11	29	38	37	44	16	48	78	44	59	49	45	68	42	7	41	70	23	26	44	22	27	56	7	1	13	50	46	13	14	8	70	94	2	42	ENSG00000061676.14	NCKAP1
chr2:183003031-183003232	N_w	28	52	13	34	28	21	36	12	30	60	22	55	35	30	89	41	12	34	40	22	31	32	7	18	27	12	5	18	42	17	17	8	16	47	62	10	33	ENSG00000061676.14	NCKAP1
chr2:183003320-183023805	N_w	1	2	1	2	5	2	0	1	0	2	1	3	0	1	5	5	0	0	0	1	1	0	8	0	0	0	0	0	3	1	5	0	0	4	4	1	2	ENSG00000061676.14	NCKAP1
chr2:183003326-183023805	N_w	48	69	26	37	27	24	37	33	40	64	36	42	41	61	64	48	11	34	71	20	34	36	24	22	20	13	6	23	39	48	19	22	20	63	32	19	40	ENSG00000061676.14	NCKAP1
chr2:183023917-183037991	N_w	12	23	13	22	15	11	31	18	4	25	23	2	9	36	33	33	8	22	21	10	14	17	15	23	0	15	9	19	30	33	12	24	5	40	3	26	15	ENSG00000061676.14	NCKAP1
chr17:49210842-49216530	N_w	9	8	3	4	3	1	6	1	0	6	3	0	0	18	9	16	2	6	2	6	11	4	6	1	0	2	21	2	12	6	7	18	8	12	0	10	4	ENSG00000108798.8	ABI3
chr17:49216699-49217738	N_w	2	0	1	3	4	2	11	3	0	1	4	0	0	3	1	8	4	6	0	1	2	2	3	1	0	3	9	3	4	1	8	17	5	3	0	6	2	ENSG00000108798.8	ABI3
chr17:49217916-49219539	N_w	4	4	7	2	8	2	6	8	0	8	5	0	1	7	2	6	12	11	2	4	8	3	3	5	0	5	18	6	11	4	5	21	5	2	0	3	3	ENSG00000108798.8	ABI3
chr17:49219626-49219857	N_w	3	2	5	4	13	4	2	3	0	3	10	0	0	5	3	11	4	15	1	3	10	3	6	2	0	4	23	6	11	4	7	28	7	8	0	4	8	ENSG00000108798.8	ABI3
chr17:49219954-49220168	N_w	0	0	3	5	3	1	4	5	0	0	0	0	0	0	0	8	4	3	0	1	2	1	8	4	0	0	13	4	8	1	8	17	6	0	0	9	1	ENSG00000108798.8	ABI3
chr17:49220327-49222069	N_w	0	0	0	1	0	0	2	0	0	1	0	0	0	0	0	1	0	0	0	0	0	0	1	0	0	0	2	0	0	0	2	6	0	0	0	0	0	ENSG00000108798.8	ABI3
chr17:49220327-49222090	N_w	1	1	5	2	7	1	5	5	0	1	7	0	0	11	4	8	8	8	1	1	6	4	10	3	0	1	28	13	20	10	6	29	8	6	0	9	2	ENSG00000108798.8	ABI3
chr17:49222226-49222551	N_w	7	3	5	4	5	2	5	1	3	9	1	0	0	13	5	6	3	13	4	4	7	3	6	3	1	8	32	9	20	3	15	24	8	9	0	6	4	ENSG00000108798.8	ABI3
chr12:110435218-110436109	N_w	291	238	187	180	194	202	167	110	331	309	124	188	224	516	210	205	175	234	155	176	203	177	251	127	313	181	201	270	386	268	124	372	233	248	271	193	169	ENSG00000111229.15	ARPC3
chr12:110436202-110436556	N_w	8	2	4	1	1	7	4	0	9	8	4	7	5	12	5	9	0	7	3	0	5	5	4	3	14	3	4	7	14	2	2	4	7	3	11	3	4	ENSG00000111229.15	ARPC3
chr12:110436205-110436556	N_w	444	333	213	239	290	256	262	165	497	463	193	354	306	548	304	339	198	324	260	217	275	280	397	260	609	227	172	318	558	364	173	451	326	407	573	280	265	ENSG00000111229.15	ARPC3
chr12:110436205-110436664	N_w	0	2	3	0	0	1	2	1	1	1	1	1	1	5	0	1	0	3	3	0	4	1	2	1	6	0	1	0	1	1	1	3	2	1	2	0	3	ENSG00000111229.15	ARPC3
chr12:110436205-110437083	N_w	0	0	0	3	1	0	3	0	0	0	0	0	0	0	15	1	1	9	5	0	0	3	1	6	0	0	1	0	0	0	0	0	0	1	0	3	2	ENSG00000111229.15	ARPC3
chr12:110436684-110437083	N_w	441	406	219	310	314	338	273	188	567	551	198	449	378	602	365	311	142	395	301	241	355	320	363	226	659	266	108	303	554	347	188	205	297	421	609	131	301	ENSG00000111229.15	ARPC3
chr12:110437153-110440311	N_w	180	185	95	164	154	136	140	69	250	226	87	199	175	281	180	129	67	161	118	80	146	127	169	107	255	114	47	147	236	126	94	159	114	175	248	80	127	ENSG00000111229.15	ARPC3
chr12:110437153-110445451	N_w	1	2	0	0	0	3	2	0	1	1	1	1	1	8	1	2	0	0	1	0	1	1	0	0	0	0	1	0	1	1	0	0	0	0	1	2	3	ENSG00000111229.15	ARPC3
chr12:110440389-110445451	N_w	360	304	199	273	247	190	181	123	277	405	143	123	162	616	262	344	155	292	187	162	173	203	253	126	150	205	126	223	297	280	141	283	243	318	143	258	205	ENSG00000111229.15	ARPC3
chr12:110445552-110450254	N_w	124	109	54	38	108	49	104	63	54	127	40	14	29	330	118	141	52	134	65	44	72	83	181	131	19	59	67	71	140	104	48	149	72	82	10	210	74	ENSG00000111229.15	ARPC3
chr6:110100482-110100506	N_w	0	0	0	0	0	0	0	0	0	0	0	0	0	0	0	0	0	0	0	0	0	0	0	0	0	0	0	0	0	0	0	0	0	50	0	0	0	ENSG00000112290.12	WASF1
chr6:110100680-110101587	N_w	106	88	62	26	43	68	44	27	89	94	35	40	63	40	47	48	57	170	109	77	105	124	61	54	50	56	1	9	15	9	2	9	7	98	76	43	74	ENSG00000112290.12	WASF1
chr6:110102217-110103377	N_w	51	58	35	28	26	19	23	13	59	34	32	21	46	21	33	29	44	120	68	56	55	58	34	27	28	42	1	6	6	4	2	1	1	39	42	26	49	ENSG00000112290.12	WASF1
chr6:110103558-110105406	N_w	52	60	37	28	38	29	31	20	55	34	27	30	48	27	40	24	40	91	86	51	58	55	25	17	27	36	3	4	8	5	1	8	3	58	27	36	54	ENSG00000112290.12	WASF1
chr6:110103558-110107076	N_w	0	1	0	0	0	0	0	0	1	1	1	0	0	0	0	0	0	1	2	0	1	0	1	0	1	0	0	0	0	0	0	0	0	0	0	0	0	ENSG00000112290.12	WASF1
chr6:110105577-110107076	N_w	7	7	3	4	4	3	2	1	11	4	2	10	4	6	8	1	4	15	14	3	8	7	5	8	8	3	0	0	1	1	0	1	0	6	13	3	6	ENSG00000112290.12	WASF1
chr6:110105580-110107076	N_w	72	74	35	45	23	38	35	31	84	40	31	58	55	29	39	36	48	102	93	63	83	65	75	58	57	34	2	4	6	7	1	5	3	76	68	22	59	ENSG00000112290.12	WASF1
chr6:110107195-110108527	N_w	56	51	19	34	25	23	19	11	45	41	11	56	36	14	19	19	23	79	46	33	38	48	11	29	40	33	0	4	7	3	0	0	1	33	47	20	42	ENSG00000112290.12	WASF1
chr6:110108682-110113325	N_w	40	60	29	38	30	34	26	20	67	47	14	56	46	29	53	31	37	107	93	56	71	61	40	84	63	33	0	7	7	3	2	1	1	44	87	11	51	ENSG00000112290.12	WASF1
chr6:110113461-110127468	N_w	66	80	25	24	32	38	47	25	65	48	18	71	55	33	52	39	45	123	105	71	81	69	54	38	60	23	0	3	10	4	4	0	4	61	76	10	47	ENSG00000112290.12	WASF1
chr6:110127630-110160634	N_w	6	8	2	7	4	3	5	2	12	7	6	8	3	0	3	7	3	12	10	2	8	6	3	1	4	4	0	2	1	2	0	0	0	4	1	1	8	ENSG00000112290.12	WASF1
chr6:110127630-110178597	N_w	7	3	5	2	2	2	2	3	2	2	2	0	2	2	2	3	2	9	8	0	8	2	3	0	3	6	0	0	0	0	0	0	2	0	2	3	3	ENSG00000112290.12	WASF1
chr6:110127630-110179438	N_w	6	8	4	10	5	5	4	0	0	0	7	0	0	4	3	5	20	11	6	4	7	0	11	8	0	4	0	0	0	0	0	0	0	5	0	2	9	ENSG00000112290.12	WASF1
chr6:110160733-110178597	N_w	7	2	3	0	1	0	1	0	1	1	0	1	2	0	3	0	1	4	1	1	2	1	2	2	0	1	0	0	0	0	0	2	0	3	0	2	0	ENSG00000112290.12	WASF1
chr6:110160733-110179438	N_w	0	2	1	1	1	1	0	0	0	2	1	0	0	0	1	1	5	1	0	0	0	0	5	3	1	1	0	0	0	1	0	0	0	0	0	1	0	ENSG00000112290.12	WASF1
chr6:110177187-110178597	N_w	0	1	0	0	1	0	3	0	0	1	1	0	0	0	1	0	0	0	0	0	0	0	0	1	0	0	0	2	2	0	0	0	0	1	0	0	0	ENSG00000112290.12	WASF1
chr6:110177804-110178597	N_w	1	1	0	0	0	0	1	1	0	0	0	0	2	0	1	0	0	0	1	0	2	2	0	2	0	0	0	0	0	0	0	0	0	0	0	0	0	ENSG00000112290.12	WASF1
chr6:110178743-110179438	N_w	3	3	3	3	2	2	2	2	0	1	0	0	0	0	1	1	6	2	2	3	0	0	1	6	0	1	0	0	0	1	0	0	0	3	0	5	2	ENSG00000112290.12	WASF1
chr6:110178743-110179840	N_w	1	5	1	0	1	1	0	1	0	0	2	0	1	2	2	2	2	5	2	1	3	1	1	1	0	2	0	0	0	0	0	1	0	0	0	4	0	ENSG00000112290.12	WASF1
chr2:113890324-113913171	N_w	34	36	47	51	31	28	47	35	6	30	28	3	3	43	26	51	39	50	19	37	49	61	50	44	5	34	11	26	55	43	30	44	21	55	1	51	45	ENSG00000115091.11	ACTR3
chr2:113913228-113916883	N_w	77	70	48	56	61	26	52	31	37	89	32	42	26	56	53	59	40	61	47	28	56	63	44	35	31	51	9	28	66	50	36	41	25	67	15	60	58	ENSG00000115091.11	ACTR3
chr2:113913228-113927344	N_w	1	0	0	0	0	0	0	0	0	0	0	0	0	3	0	0	0	1	1	1	0	0	1	0	0	2	0	0	1	0	0	0	0	0	0	0	0	ENSG00000115091.11	ACTR3
chr2:113917009-113927344	N_w	139	148	68	97	64	82	97	47	117	112	60	98	90	157	90	100	86	135	109	89	105	105	160	107	138	75	27	33	120	70	43	81	37	98	123	84	92	ENSG00000115091.11	ACTR3
chr2:113927456-113929163	N_w	0	0	0	1	1	0	2	0	0	0	1	1	0	2	0	1	0	1	0	0	0	0	0	0	0	0	0	0	6	0	0	1	0	0	0	0	1	ENSG00000115091.11	ACTR3
chr2:113927456-113931300	N_w	178	201	100	113	111	70	96	64	147	173	88	165	152	172	147	120	79	128	139	89	136	151	156	124	216	72	38	63	155	106	68	63	43	150	213	65	108	ENSG00000115091.11	ACTR3
chr2:113931397-113934157	N_w	0	1	0	0	0	0	0	0	1	2	0	1	0	1	0	3	2	0	0	0	0	0	0	0	0	0	0	0	1	0	0	0	0	0	3	0	2	ENSG00000115091.11	ACTR3
chr2:113931397-113934278	N_w	176	185	96	111	101	99	95	68	192	169	113	103	146	212	124	164	54	175	166	98	122	148	212	134	131	106	29	56	120	96	68	83	63	173	138	54	145	ENSG00000115091.11	ACTR3
chr2:113934387-113939958	N_w	132	106	71	76	60	60	70	38	124	123	55	49	60	58	93	62	65	89	81	54	99	78	59	41	92	98	21	40	103	43	31	58	48	102	100	57	82	ENSG00000115091.11	ACTR3
chr2:113940103-113942185	N_w	224	217	109	121	102	115	120	57	215	173	111	161	163	274	146	134	97	189	155	114	170	164	206	135	179	89	42	56	188	116	69	100	64	145	204	125	149	ENSG00000115091.11	ACTR3
chr2:113942360-113951478	N_w	224	164	77	115	110	84	99	49	211	170	90	178	150	150	169	131	34	168	152	103	174	153	108	58	187	89	15	66	137	88	54	35	52	122	206	35	124	ENSG00000115091.11	ACTR3
chr2:113951572-113951719	N_w	121	127	89	82	78	59	61	45	136	97	54	114	87	132	83	75	65	105	97	66	87	94	170	136	130	81	36	48	109	71	48	77	43	96	127	58	97	ENSG00000115091.11	ACTR3
chr2:113951846-113955622	N_w	154	148	97	138	113	72	109	46	154	137	65	135	104	122	87	100	88	149	98	92	118	120	113	59	202	116	31	70	138	77	57	99	54	153	171	122	95	ENSG00000115091.11	ACTR3
chr2:113955707-113957359	N_w	321	276	197	197	181	124	177	80	267	270	125	156	214	382	232	220	165	281	200	179	244	261	292	182	253	189	77	135	288	192	120	161	127	222	266	212	235	ENSG00000115091.11	ACTR3
chr12:54497892-54499354	N_w	0	2	1	2	0	2	1	0	0	2	1	2	2	0	1	0	1	5	3	0	0	0	4	3	0	1	0	0	5	0	0	6	0	4	1	0	1	ENSG00000123338.12	NCKAP1L
chr12:54499466-54500532	N_w	0	1	0	1	2	3	1	1	2	0	2	3	3	0	0	3	0	5	5	11	6	0	0	0	1	3	0	0	5	0	0	2	0	0	5	1	0	ENSG00000123338.12	NCKAP1L
chr12:54500626-54507852	N_w	1	0	1	1	0	2	1	0	0	0	0	1	1	0	2	0	0	5	3	3	1	1	5	0	1	0	0	0	6	2	0	0	0	1	2	0	1	ENSG00000123338.12	NCKAP1L
chr12:54507910-54508388	N_w	1	2	1	2	1	1	0	1	0	1	5	0	1	0	1	0	2	5	4	1	2	2	2	0	0	0	0	1	4	3	0	0	0	2	5	0	2	ENSG00000123338.12	NCKAP1L
chr12:54508532-54509668	N_w	0	0	0	2	1	2	2	1	0	0	0	1	3	0	0	1	0	1	3	6	0	1	1	1	0	0	0	0	1	0	0	2	0	1	1	4	1	ENSG00000123338.12	NCKAP1L
chr12:54509760-54509847	N_w	0	1	3	0	1	1	0	0	1	0	0	0	2	0	1	1	0	1	2	5	1	0	3	1	0	0	0	0	2	1	1	0	0	2	2	1	0	ENSG00000123338.12	NCKAP1L
chr12:54509986-54511802	N_w	0	1	1	1	0	1	1	1	0	0	2	1	0	0	1	0	0	8	1	3	0	0	2	0	0	0	0	1	4	2	2	0	0	0	1	0	0	ENSG00000123338.12	NCKAP1L
chr12:54511852-54511948	N_w	1	2	0	1	0	1	1	0	0	0	2	1	1	0	2	0	0	7	4	7	1	0	2	0	0	1	0	0	3	2	0	0	1	2	0	0	0	ENSG00000123338.12	NCKAP1L
chr12:54512106-54516238	N_w	0	1	2	3	1	2	0	0	1	0	2	2	1	0	3	1	3	9	6	3	3	0	5	1	2	0	0	1	11	2	0	4	0	4	0	0	5	ENSG00000123338.12	NCKAP1L
chr12:54516296-54516895	N_w	2	1	1	2	1	1	1	0	2	0	1	1	1	0	0	1	2	3	2	0	4	0	2	0	1	0	0	0	1	1	1	1	0	2	0	0	1	ENSG00000123338.12	NCKAP1L
chr12:54516993-54517532	N_w	1	0	0	0	0	1	0	0	1	1	0	0	4	1	2	2	1	3	0	2	2	1	3	0	0	3	0	1	1	0	1	1	0	0	1	0	0	ENSG00000123338.12	NCKAP1L
chr12:54517643-54517805	N_w	2	2	2	1	2	3	0	2	2	1	0	1	0	0	0	6	2	8	3	11	5	2	0	1	0	0	0	0	5	1	0	2	0	2	2	1	6	ENSG00000123338.12	NCKAP1L
chr12:54517939-54518650	N_w	0	1	1	2	0	2	1	0	0	0	1	2	1	0	1	3	0	2	3	3	5	0	0	0	0	1	0	1	2	1	0	0	0	4	1	1	1	ENSG00000123338.12	NCKAP1L
chr12:54518733-54518913	N_w	1	2	1	1	2	4	0	1	0	0	0	0	0	0	2	2	1	6	4	6	1	1	1	1	0	1	0	3	2	0	4	0	1	0	0	0	1	ENSG00000123338.12	NCKAP1L
chr12:54518973-54519186	N_w	0	5	2	3	0	4	1	0	1	1	1	1	3	0	2	1	0	5	4	4	4	0	0	0	0	1	0	0	3	0	0	0	0	2	2	2	1	ENSG00000123338.12	NCKAP1L
chr12:54519333-54520693	N_w	0	0	1	1	0	0	0	0	1	1	2	2	1	0	2	0	0	3	1	3	1	0	1	0	0	0	0	0	4	0	0	1	1	0	0	0	1	ENSG00000123338.12	NCKAP1L
chr12:54520827-54521118	N_w	1	0	1	1	2	4	0	0	2	1	1	0	6	2	1	5	1	2	3	6	3	2	4	0	0	1	0	1	9	0	2	0	0	2	1	5	1	ENSG00000123338.12	NCKAP1L
chr12:54521239-54523393	N_w	2	2	5	0	1	7	1	1	2	1	4	0	1	4	1	2	4	9	6	7	7	0	2	0	1	1	0	1	2	2	0	1	0	3	2	0	3	ENSG00000123338.12	NCKAP1L
chr12:54523540-54523824	N_w	2	1	2	1	3	0	0	0	3	1	1	0	2	2	2	0	0	8	4	11	4	2	6	0	1	0	0	1	6	0	0	0	0	2	0	3	0	ENSG00000123338.12	NCKAP1L
chr12:54523957-54526527	N_w	1	4	0	2	0	2	3	0	0	0	1	1	1	0	3	2	0	7	3	11	2	1	5	0	0	0	0	1	10	0	0	0	0	2	0	3	0	ENSG00000123338.12	NCKAP1L
chr12:54526747-54528246	N_w	1	1	5	0	0	3	0	1	3	0	3	1	0	0	1	2	3	6	3	9	5	1	8	1	0	0	0	1	10	1	0	4	1	0	2	1	2	ENSG00000123338.12	NCKAP1L
chr12:54528378-54531259	N_w	4	1	1	4	0	2	1	2	0	2	3	0	2	0	2	1	1	9	4	4	6	3	3	0	0	0	0	3	5	0	0	2	0	2	0	2	0	ENSG00000123338.12	NCKAP1L
chr12:54531358-54531490	N_w	1	1	2	3	2	4	3	2	2	0	0	0	2	1	2	4	1	14	4	1	3	1	5	1	1	1	1	1	5	2	0	2	3	3	1	0	1	ENSG00000123338.12	NCKAP1L
chr12:54531585-54531742	N_w	3	3	2	4	1	5	2	1	0	4	1	0	2	0	1	0	0	4	8	11	2	1	8	0	0	2	0	1	7	0	0	0	2	5	1	0	4	ENSG00000123338.12	NCKAP1L
chr12:54531826-54532169	N_w	4	1	2	2	1	1	2	0	1	0	0	2	3	0	2	3	2	8	6	8	3	4	3	0	0	1	1	0	4	1	0	1	0	3	1	0	0	ENSG00000123338.12	NCKAP1L
chr12:54532251-54535103	N_w	1	2	1	2	0	0	0	0	3	1	0	0	1	1	2	2	0	1	4	6	4	3	0	0	1	1	0	0	1	0	0	0	1	2	0	0	1	ENSG00000123338.12	NCKAP1L
chr12:54535198-54536128	N_w	3	2	2	1	0	7	2	0	4	1	2	1	0	1	1	2	1	5	5	4	7	1	7	1	2	3	0	2	10	1	2	0	4	4	2	6	3	ENSG00000123338.12	NCKAP1L
chr12:54536246-54536943	N_w	3	1	2	4	1	7	1	4	4	2	2	0	2	1	4	1	3	8	8	11	7	2	7	1	0	0	0	1	11	0	0	3	2	5	2	0	1	ENSG00000123338.12	NCKAP1L
chr12:54537054-54538883	N_w	1	2	0	1	1	3	0	0	2	0	0	0	5	1	0	3	0	6	2	11	3	0	3	0	2	0	0	2	2	1	0	3	0	0	1	0	0	ENSG00000123338.12	NCKAP1L
chr12:54538974-54542574	N_w	4	2	2	1	1	2	3	0	2	2	2	2	1	1	3	3	3	12	8	10	2	4	7	2	0	3	3	0	6	2	0	6	0	2	2	1	0	ENSG00000123338.12	NCKAP1L
chr7:99374782-99385701	N_w	4	2	5	5	5	3	3	8	0	3	3	0	0	7	1	20	13	10	2	2	1	5	20	8	0	1	3	4	8	10	2	14	8	5	0	12	2	ENSG00000130429.12	ARPC1B
chr7:99377440-99385701	N_w	1	0	0	0	0	0	0	0	0	0	1	0	0	0	0	0	0	1	0	0	0	0	1	0	0	0	0	1	4	1	0	0	1	1	0	5	1	ENSG00000130429.12	ARPC1B
chr7:99377456-99385701	N_w	3	0	1	0	2	1	0	0	1	0	0	0	0	3	0	0	0	1	3	1	3	0	2	2	0	1	1	3	4	0	2	1	4	2	0	1	0	ENSG00000130429.12	ARPC1B
chr7:99385779-99386684	N_w	29	11	24	33	35	32	20	18	3	19	17	1	3	30	21	58	22	34	13	21	26	11	59	15	1	22	17	28	98	72	17	70	32	29	2	34	33	ENSG00000130429.12	ARPC1B
chr7:99386790-99388038	N_w	31	36	31	31	32	41	24	19	13	31	22	2	6	55	31	57	21	54	16	28	33	28	76	27	2	37	21	21	111	45	22	72	21	43	1	26	29	ENSG00000130429.12	ARPC1B
chr7:99388262-99389904	N_w	36	17	43	37	29	43	28	15	13	25	27	1	6	43	39	41	44	63	25	19	36	33	86	30	1	21	22	38	153	82	36	105	32	40	3	26	20	ENSG00000130429.12	ARPC1B
chr7:99390013-99390892	N_w	34	16	30	27	25	37	14	13	12	36	12	2	4	22	25	21	16	38	19	34	32	22	27	8	1	25	21	24	59	31	13	55	25	36	0	23	24	ENSG00000130429.12	ARPC1B
chr7:99391100-99391177	N_w	22	25	53	43	51	61	48	22	10	27	40	1	6	76	38	55	41	71	14	63	48	34	104	32	0	46	20	49	147	84	40	104	32	65	1	33	44	ENSG00000130429.12	ARPC1B
chr7:99391254-99392670	N_w	13	13	36	45	31	36	26	15	3	22	25	0	1	33	26	41	19	49	12	8	29	20	50	11	0	24	25	33	96	48	21	85	36	37	0	31	38	ENSG00000130429.12	ARPC1B
chr7:99392877-99394028	N_w	4	8	21	35	30	16	40	22	1	5	26	0	1	21	13	29	28	27	1	11	22	15	62	18	0	12	23	43	117	56	23	62	36	14	0	18	13	ENSG00000130429.12	ARPC1B
chr7:99394120-99394450	N_w	29	18	29	38	39	42	23	9	6	21	19	4	5	16	19	34	21	35	17	11	37	31	36	11	0	18	19	45	103	44	34	73	37	43	0	19	11	ENSG00000130429.12	ARPC1B
chr13:26557820-26612960	N_w	0	7	5	5	4	0	15	4	2	7	0	0	0	0	0	9	3	2	3	0	0	3	15	25	0	4	0	0	2	0	0	0	0	5	0	7	2	ENSG00000132970.12	WASF3
chr13:26593723-26612960	N_w	0	0	0	0	0	0	0	1	0	0	0	1	0	1	0	0	0	2	1	0	0	0	1	0	1	1	0	0	0	0	0	0	0	0	0	0	1	ENSG00000132970.12	WASF3
chr13:26610647-26612960	N_w	0	0	1	0	0	1	0	0	0	1	0	0	0	0	0	3	0	3	1	2	0	0	0	1	0	0	0	0	0	0	0	0	0	1	0	0	1	ENSG00000132970.12	WASF3
chr13:26613059-26642260	N_w	13	23	10	13	16	5	14	13	17	26	11	9	8	5	21	22	9	14	13	13	2	18	20	27	8	9	2	5	5	4	2	5	1	26	16	20	7	ENSG00000132970.12	WASF3
chr13:26642404-26665027	N_w	62	134	55	33	23	28	70	42	91	79	42	53	70	19	50	47	10	40	42	35	30	76	22	48	41	22	5	8	7	8	6	5	4	82	58	38	50	ENSG00000132970.12	WASF3
chr13:26665163-26667516	N_w	47	97	29	34	22	21	41	22	65	61	29	53	60	18	44	30	19	31	32	24	26	50	24	39	34	23	2	2	5	11	4	6	6	59	65	55	63	ENSG00000132970.12	WASF3
chr13:26667671-26671871	N_w	37	64	18	29	17	16	36	25	50	54	25	45	62	8	18	19	8	19	24	30	25	74	26	42	36	21	1	1	5	5	2	6	2	52	62	18	38	ENSG00000132970.12	WASF3
chr13:26671990-26676548	N_w	68	110	49	33	31	32	62	36	78	76	31	70	79	11	39	38	17	37	32	20	44	78	43	53	55	21	0	2	2	9	1	7	1	71	62	32	60	ENSG00000132970.12	WASF3
chr13:26671990-26680034	N_w	15	38	6	8	8	11	17	15	40	31	16	22	16	6	9	15	5	6	14	10	14	17	9	17	23	6	4	3	6	6	2	8	2	45	46	15	15	ENSG00000132970.12	WASF3
chr13:26671990-26681053	N_w	4	7	2	3	0	0	3	0	2	1	2	2	1	1	0	2	0	0	2	0	0	1	2	7	1	1	0	0	0	1	0	0	0	5	2	0	5	ENSG00000132970.12	WASF3
chr13:26676725-26680034	N_w	7	4	4	1	3	2	1	0	3	4	0	7	3	4	2	2	0	8	3	0	4	1	2	1	0	1	0	0	1	0	0	0	0	2	6	2	1	ENSG00000132970.12	WASF3
chr13:26676725-26681053	N_w	33	62	38	32	18	17	40	13	63	40	28	16	46	10	25	23	27	28	19	20	17	63	32	62	11	14	0	1	2	7	1	4	4	51	13	26	40	ENSG00000132970.12	WASF3
chr13:26680202-26681053	N_w	16	25	14	15	8	14	17	9	24	17	20	4	22	14	26	39	8	9	19	7	12	14	8	11	1	8	1	6	3	7	4	8	1	37	12	18	14	ENSG00000132970.12	WASF3
chr13:26681321-26682606	N_w	12	20	35	21	19	8	45	31	3	8	20	0	0	13	13	17	10	16	8	11	18	49	25	45	0	20	1	1	4	8	0	9	3	44	1	32	20	ENSG00000132970.12	WASF3
chr13:26682975-26685687	N_w	45	61	33	18	33	16	44	24	15	37	19	2	9	14	31	30	13	21	30	20	32	48	31	34	1	29	1	4	3	10	5	7	1	50	1	29	44	ENSG00000132970.12	WASF3
chr7:152759927-152783186	N_w	0	1	2	1	3	1	2	2	1	0	0	0	0	0	1	1	0	3	0	1	0	2	5	2	0	0	1	2	0	1	2	2	3	3	0	2	0	ENSG00000133627.17	ACTR3B
chr7:152759927-152800530	N_w	0	1	1	4	2	2	3	0	0	0	0	1	0	1	0	2	0	1	0	0	1	1	3	1	0	1	0	0	0	0	0	1	1	0	0	0	1	ENSG00000133627.17	ACTR3B
chr7:152783243-152800530	N_w	2	1	0	2	4	1	2	0	1	4	0	2	2	1	2	0	0	5	2	2	2	4	4	1	0	0	0	3	1	1	1	2	1	5	0	2	2	ENSG00000133627.17	ACTR3B
chr7:152783243-152801620	N_w	1	0	0	1	1	3	0	0	1	0	0	0	0	0	0	0	0	0	1	0	0	1	0	0	0	0	0	0	1	2	0	0	0	0	0	0	0	ENSG00000133627.17	ACTR3B
chr7:152800656-152801620	N_w	23	24	17	17	17	15	18	12	21	16	6	15	16	13	29	17	9	21	17	9	14	27	9	6	15	12	6	21	7	7	7	18	7	23	15	4	20	ENSG00000133627.17	ACTR3B
chr7:152801732-152811696	N_w	2	3	4	3	0	3	3	2	1	4	1	5	3	0	3	6	0	3	3	0	1	2	3	3	2	3	0	0	1	3	2	4	0	1	3	0	1	ENSG00000133627.17	ACTR3B
chr7:152801732-152814549	N_w	28	25	15	13	21	19	11	7	24	20	8	30	19	11	21	24	18	18	20	9	21	31	22	33	33	11	10	10	4	8	12	11	9	20	21	16	19	ENSG00000133627.17	ACTR3B
chr7:152811734-152814549	N_w	2	2	3	6	0	2	3	2	2	6	3	9	5	1	1	2	2	3	3	0	3	4	2	2	6	5	1	0	1	3	3	6	0	3	2	0	3	ENSG00000133627.17	ACTR3B
chr7:152814646-152816480	N_w	30	30	9	11	15	13	21	12	26	19	12	5	19	21	12	16	18	12	20	9	19	24	28	26	12	16	6	9	9	5	7	12	7	26	11	7	31	ENSG00000133627.17	ACTR3B
chr7:152816589-152820298	N_w	24	20	7	15	15	13	16	9	41	20	5	13	13	13	17	7	8	13	9	4	23	14	11	14	5	15	5	7	8	17	8	20	18	25	12	15	14	ENSG00000133627.17	ACTR3B
chr7:152816589-152820302	N_w	2	0	2	0	0	0	0	0	0	0	0	0	0	0	0	2	0	0	0	0	1	1	1	2	1	0	0	0	0	0	0	0	0	0	0	0	2	ENSG00000133627.17	ACTR3B
chr7:152820348-152823341	N_w	0	1	1	2	4	0	2	1	3	0	1	3	2	4	3	2	5	0	3	2	2	1	3	4	1	2	0	0	2	7	5	1	5	6	1	1	1	ENSG00000133627.17	ACTR3B
chr7:152820443-152823341	N_w	28	29	17	17	15	10	18	15	28	18	9	19	18	36	24	27	18	25	20	12	13	38	31	22	20	22	7	18	11	32	14	22	14	26	31	12	20	ENSG00000133627.17	ACTR3B
chr7:152823516-152825029	N_w	24	27	16	22	10	16	19	15	38	23	14	23	17	22	21	23	25	34	26	16	18	29	16	20	25	17	8	6	7	6	11	15	17	27	29	22	23	ENSG00000133627.17	ACTR3B
chr7:152825123-152842483	N_w	4	3	0	0	1	0	1	0	4	4	0	0	0	2	4	1	1	1	1	3	1	2	1	0	0	0	2	0	1	0	0	0	0	2	0	8	5	ENSG00000133627.17	ACTR3B
chr7:152825123-152852125	N_w	35	23	23	15	21	9	21	9	30	24	10	6	27	19	12	25	18	20	19	9	19	29	26	21	7	14	7	6	4	12	5	11	9	23	14	16	16	ENSG00000133627.17	ACTR3B
chr7:152825123-152854457	N_w	0	1	1	0	0	0	0	0	1	1	0	0	0	0	1	1	4	0	0	0	1	2	0	2	1	0	0	0	0	0	0	0	0	2	0	0	1	ENSG00000133627.17	ACTR3B
chr7:152852252-152853493	N_w	14	17	9	11	17	10	12	6	8	13	9	2	3	10	14	9	1	9	4	11	8	28	15	8	1	9	8	11	2	9	9	20	4	24	1	4	13	ENSG00000133627.17	ACTR3B
chr7:152853578-152854457	N_w	13	2	27	15	12	11	15	8	1	2	5	0	2	18	11	17	10	18	8	11	11	37	16	18	0	15	8	22	5	17	1	18	10	19	0	24	25	ENSG00000133627.17	ACTR3B
chr6:138424817-138425566	N_w	1	0	0	0	0	0	0	1	1	0	1	0	0	0	1	0	0	3	0	0	1	0	0	0	0	0	0	0	0	0	0	0	0	1	0	0	0	ENSG00000135540.11	NHSL1
chr6:138424817-138429710	N_w	8	4	4	5	3	1	6	2	1	5	3	2	1	3	3	7	4	8	3	3	5	5	6	8	0	4	3	3	1	4	3	11	5	5	2	10	7	ENSG00000135540.11	NHSL1
chr6:138429844-138430392	N_w	5	8	4	4	6	3	12	1	0	4	3	0	0	4	4	2	3	4	3	11	1	8	5	2	0	3	4	6	0	5	1	5	7	8	0	1	12	ENSG00000135540.11	NHSL1
chr6:138433681-138441982	N_w	3	3	1	4	1	2	0	4	1	2	0	2	3	0	7	3	0	8	4	0	2	4	1	4	0	1	0	4	1	1	2	6	2	6	4	4	1	ENSG00000135540.11	NHSL1
chr6:138433681-138447000	N_w	4	13	0	1	3	1	6	0	4	3	3	1	2	5	2	0	0	1	4	7	3	2	0	3	0	1	2	2	2	0	1	1	0	3	0	1	3	ENSG00000135540.11	NHSL1
chr6:138442115-138447000	N_w	2	4	2	3	3	1	2	0	2	3	2	1	1	3	4	2	0	0	4	9	1	3	4	4	1	1	0	4	0	1	1	1	5	5	3	8	4	ENSG00000135540.11	NHSL1
chr6:138447194-138473305	N_w	4	3	0	1	3	4	2	0	4	1	2	1	3	12	6	2	2	5	5	3	1	7	0	7	7	0	1	2	4	0	1	1	3	3	2	1	4	ENSG00000135540.11	NHSL1
chr6:138473434-138496218	N_w	7	16	3	5	3	3	7	6	5	4	2	0	2	12	9	7	3	4	6	7	1	4	4	6	0	2	0	1	6	7	6	4	3	10	0	2	6	ENSG00000135540.11	NHSL1
chr6:138496372-138499232	N_w	0	1	1	2	1	0	4	0	1	0	4	2	0	4	2	0	0	0	1	0	1	3	0	1	0	1	0	3	0	3	0	1	1	1	2	1	2	ENSG00000135540.11	NHSL1
chr6:138496372-138545622	N_w	0	0	0	1	1	0	0	0	1	1	0	0	0	2	2	0	0	0	0	0	1	0	1	0	1	0	0	0	0	0	0	0	0	0	1	0	0	ENSG00000135540.11	NHSL1
chr10:26748746-26751597	N_w	73	65	34	55	41	44	61	34	95	80	35	73	59	73	47	31	19	53	44	34	42	37	54	37	74	43	18	23	32	32	26	47	26	77	92	61	47	ENSG00000136754.16	ABI1
chr10:26751784-26755654	N_w	89	104	65	31	41	48	53	34	94	94	62	14	51	114	79	62	26	64	61	57	51	65	74	69	24	60	25	28	34	48	25	57	26	85	38	62	57	ENSG00000136754.16	ABI1
chr10:26751784-26759061	N_w	8	6	3	8	4	6	3	5	11	12	2	6	7	24	8	11	1	4	3	5	5	1	7	2	4	6	9	15	22	17	5	16	5	6	6	19	2	ENSG00000136754.16	ABI1
chr10:26751784-26765217	N_w	3	2	0	0	0	0	0	0	1	0	0	0	1	13	2	1	1	1	2	2	0	2	1	0	0	1	0	0	20	0	1	1	1	0	0	2	0	ENSG00000136754.16	ABI1
chr10:26755742-26759061	N_w	57	84	44	30	45	30	43	30	82	75	34	32	48	76	55	59	24	48	41	35	50	45	37	43	29	46	28	27	17	32	32	42	26	60	44	38	37	ENSG00000136754.16	ABI1
chr10:26755742-26765217	N_w	1	1	2	0	0	0	0	1	0	1	0	0	0	0	1	0	0	0	0	0	0	0	1	0	1	0	0	1	1	0	0	2	0	2	0	0	0	ENSG00000136754.16	ABI1
chr10:26759236-26765217	N_w	27	35	9	14	11	13	19	9	18	28	20	6	16	25	23	21	17	22	16	12	10	23	13	21	5	23	8	13	18	7	7	14	6	26	14	29	19	ENSG00000136754.16	ABI1
chr10:26759239-26765217	N_w	67	62	25	21	54	31	30	13	55	54	29	13	32	74	59	54	20	39	36	17	38	47	40	26	11	32	26	27	22	41	27	62	18	61	28	35	35	ENSG00000136754.16	ABI1
chr10:26764640-26765217	N_w	0	0	1	0	0	0	0	0	1	0	0	0	0	1	3	3	0	1	0	0	1	0	0	0	0	0	0	0	0	0	0	0	0	1	0	0	0	ENSG00000136754.16	ABI1
chr10:26765319-26768851	N_w	64	75	45	33	30	31	43	31	77	75	23	40	39	59	67	50	29	55	55	18	41	38	40	29	47	50	24	25	34	46	22	43	25	79	58	57	40	ENSG00000136754.16	ABI1
chr10:26768993-26770244	N_w	66	57	39	41	27	30	50	24	76	57	34	38	47	79	54	51	34	61	49	44	39	35	42	58	22	42	24	39	45	39	27	34	20	62	53	33	39	ENSG00000136754.16	ABI1
chr10:26770346-26771074	N_w	1	3	3	1	3	1	2	0	1	1	3	1	1	1	4	3	0	0	1	0	0	0	1	0	0	1	0	0	0	2	2	1	2	1	2	0	0	ENSG00000136754.16	ABI1
chr10:26770346-26777064	N_w	43	41	27	31	16	11	27	17	40	56	22	28	32	47	43	27	21	49	33	12	21	22	20	24	29	29	8	21	30	26	19	28	13	37	31	43	22	ENSG00000136754.16	ABI1
chr10:26771090-26777064	N_w	0	0	3	0	1	1	1	1	1	0	0	1	3	1	3	1	0	0	1	0	0	0	0	0	0	0	0	0	0	0	0	0	1	3	0	0	0	ENSG00000136754.16	ABI1
chr10:26777242-26787127	N_w	1	1	0	0	1	0	0	0	1	1	0	0	0	0	0	1	0	0	1	0	0	0	1	0	2	0	0	0	1	0	0	0	1	0	0	0	0	ENSG00000136754.16	ABI1
chr10:26777242-26823137	N_w	54	95	29	34	33	29	36	29	74	67	23	57	42	70	74	49	13	48	70	32	37	46	35	39	59	29	10	23	42	25	18	32	13	63	67	47	38	ENSG00000136754.16	ABI1
chr10:26823306-26835314	N_w	0	0	0	1	0	0	0	0	1	0	2	1	1	3	0	1	0	1	1	0	0	3	1	0	0	0	0	1	0	0	0	1	1	0	1	0	1	ENSG00000136754.16	ABI1
chr10:26823306-26860746	N_w	69	73	28	34	43	32	46	33	42	79	32	25	39	77	68	76	34	46	54	24	35	42	38	49	33	21	9	32	40	43	22	34	14	81	24	63	31	ENSG00000136754.16	ABI1
chr2:65227958-65239851	N_w	40	75	50	62	53	41	59	52	4	45	54	1	8	100	48	109	83	81	33	30	51	69	80	86	0	33	7	27	34	51	25	52	24	94	2	88	59	ENSG00000138071.13	ACTR2
chr2:65239963-65246504	N_w	0	0	0	0	0	0	1	0	0	3	0	0	0	0	0	1	0	0	0	0	0	0	1	0	0	0	0	0	0	0	0	0	1	2	1	0	0	ENSG00000138071.13	ACTR2
chr2:65239963-65246523	N_w	96	130	55	87	59	60	74	48	65	95	46	61	58	123	115	97	67	107	105	77	106	94	107	75	45	54	15	50	73	58	33	39	15	114	47	66	60	ENSG00000138071.13	ACTR2
chr2:65246740-65251026	N_w	173	210	92	107	93	88	89	68	194	186	73	176	125	151	164	153	79	166	151	63	124	155	140	89	138	79	15	49	92	76	41	51	36	152	167	68	116	ENSG00000138071.13	ACTR2
chr2:65251100-65253727	N_w	164	215	101	144	98	93	106	60	159	172	74	155	140	129	139	132	73	165	170	112	126	132	81	81	140	92	6	59	83	75	55	50	45	166	186	91	99	ENSG00000138071.13	ACTR2
chr2:65253865-65255544	N_w	162	175	121	151	89	109	105	72	207	178	81	152	141	119	136	118	124	159	170	127	150	133	134	162	167	109	24	59	97	71	55	56	51	163	192	102	141	ENSG00000138071.13	ACTR2
chr2:65253865-65261246	N_w	0	0	0	1	0	1	0	0	0	0	0	2	0	4	0	0	0	0	0	0	0	1	0	1	1	0	0	0	0	1	0	0	0	0	0	0	0	ENSG00000138071.13	ACTR2
chr2:65255695-65261246	N_w	176	266	112	145	104	134	99	90	239	248	84	202	173	150	164	142	59	201	183	162	154	171	135	98	228	101	16	62	99	92	70	64	56	200	215	106	151	ENSG00000138071.13	ACTR2
chr2:65255695-65265042	N_w	1	1	1	0	1	1	0	0	3	0	0	0	1	4	0	1	0	2	0	0	0	2	0	0	1	1	0	0	2	0	0	0	0	0	1	0	0	ENSG00000138071.13	ACTR2
chr2:65261393-65265042	N_w	245	248	133	145	112	131	145	99	244	233	124	201	169	200	181	173	97	227	223	147	178	187	181	211	189	150	31	90	121	105	78	64	35	214	255	82	183	ENSG00000138071.13	ACTR2
chr2:65265176-65268563	N_w	198	252	110	131	112	108	115	77	219	221	78	142	143	139	154	92	90	162	182	139	149	159	101	94	162	132	24	57	91	81	55	60	44	190	177	95	154	ENSG00000138071.13	ACTR2
chr2:203328632-203351554	N_w	0	2	0	1	0	1	0	1	0	0	0	0	0	0	0	2	0	0	1	2	0	1	1	0	0	0	0	0	0	0	0	0	0	0	0	0	0	ENSG00000138443.15	ABI2
chr2:203328632-203355153	N_w	2	1	0	0	0	0	1	0	0	1	0	0	0	0	0	0	0	0	0	0	4	0	2	0	0	0	0	1	0	0	0	0	0	1	0	0	1	ENSG00000138443.15	ABI2
chr2:203328632-203366876	N_w	49	80	35	31	39	23	64	37	17	53	35	14	27	85	70	60	23	70	42	34	66	47	43	61	13	37	7	12	33	27	17	15	7	95	14	40	61	ENSG00000138443.15	ABI2
chr2:203328632-203366880	N_w	0	3	3	2	0	1	3	1	2	7	4	1	0	2	1	2	0	4	2	0	1	1	3	4	0	1	0	0	2	2	0	0	1	2	0	0	1	ENSG00000138443.15	ABI2
chr2:203328632-203380207	N_w	0	3	2	0	0	2	2	0	0	2	0	0	0	0	0	0	0	0	4	0	0	0	0	0	0	0	0	0	0	2	0	0	0	3	0	0	0	ENSG00000138443.15	ABI2
chr2:203351679-203366876	N_w	1	0	0	0	1	2	2	0	1	0	1	2	1	0	0	1	2	1	5	0	0	1	2	1	1	0	0	0	0	1	0	1	0	0	0	0	1	ENSG00000138443.15	ABI2
chr2:203355325-203366876	N_w	1	0	0	0	0	1	0	1	0	0	0	0	0	1	2	1	0	0	0	0	1	0	0	1	1	0	0	0	0	0	0	0	0	1	1	0	1	ENSG00000138443.15	ABI2
chr2:203367045-203375931	N_w	1	0	0	2	0	0	0	1	0	0	0	0	1	0	2	1	0	0	1	0	0	0	0	2	1	0	1	0	0	1	0	0	0	1	1	0	0	ENSG00000138443.15	ABI2
chr2:203367045-203376056	N_w	4	8	4	2	2	1	5	2	5	3	4	4	9	0	5	7	5	6	3	0	4	6	0	3	1	4	0	2	4	2	1	0	1	2	9	1	1	ENSG00000138443.15	ABI2
chr2:203367045-203380207	N_w	50	87	27	38	31	31	30	33	67	72	28	67	35	51	39	33	33	54	56	33	50	42	27	43	56	29	10	13	21	16	7	12	10	75	67	35	35	ENSG00000138443.15	ABI2
chr2:203367045-203391045	N_w	0	0	1	0	0	0	0	0	0	1	0	4	1	1	0	0	1	0	0	0	0	1	0	1	0	0	0	0	0	0	0	0	0	1	0	0	0	ENSG00000138443.15	ABI2
chr2:203367131-203380207	N_w	1	1	0	0	0	0	0	1	3	2	1	1	0	0	1	0	0	1	2	2	1	0	2	1	0	0	0	0	1	0	0	0	1	1	0	0	0	ENSG00000138443.15	ABI2
chr2:203376133-203380207	N_w	1	8	1	4	4	5	3	2	5	3	0	2	1	1	4	0	1	6	5	0	3	2	1	1	9	1	0	1	1	2	2	2	1	4	3	2	4	ENSG00000138443.15	ABI2
chr2:203380385-203382188	N_w	0	3	0	0	0	5	0	0	1	0	0	0	0	0	0	0	0	0	2	0	0	1	5	0	0	0	0	0	0	0	0	0	0	0	0	0	0	ENSG00000138443.15	ABI2
chr2:203380385-203383242	N_w	0	3	1	2	4	0	0	1	3	2	2	2	1	1	2	2	0	1	1	1	3	3	0	3	4	0	0	0	1	0	1	1	0	4	1	0	1	ENSG00000138443.15	ABI2
chr2:203380385-203383246	N_w	2	0	0	0	0	1	0	0	4	1	0	2	0	0	0	1	0	0	0	0	2	1	1	0	1	0	1	0	0	0	1	0	0	1	0	0	0	ENSG00000138443.15	ABI2
chr2:203380385-203391045	N_w	38	74	24	31	31	25	36	34	48	71	43	36	39	79	53	54	17	40	68	38	45	41	42	86	47	26	5	9	36	21	17	9	10	61	66	48	50	ENSG00000138443.15	ABI2
chr2:203382207-203391045	N_w	0	3	0	0	0	3	0	0	1	0	0	0	0	0	0	0	0	0	2	0	0	1	5	0	0	0	0	0	0	0	0	0	0	0	0	0	0	ENSG00000138443.15	ABI2
chr2:203383322-203391045	N_w	0	0	1	1	0	0	1	0	3	9	1	1	2	0	2	1	1	3	1	1	4	2	3	1	0	1	0	2	0	0	0	0	1	5	1	0	0	ENSG00000138443.15	ABI2
chr2:203391144-203394699	N_w	74	105	59	43	33	36	72	47	74	74	69	11	52	124	97	95	45	87	110	59	82	82	65	87	9	45	14	21	38	34	7	32	20	98	13	88	64	ENSG00000138443.15	ABI2
chr2:203391144-203395655	N_w	1	4	1	4	1	3	0	1	5	4	7	0	2	7	1	3	1	3	2	3	4	3	5	2	0	5	0	0	1	2	1	1	1	4	0	6	3	ENSG00000138443.15	ABI2
chr2:203391144-203395658	N_w	0	2	0	1	2	0	0	0	0	1	0	0	0	5	0	1	0	0	0	0	0	1	0	0	0	0	0	0	2	0	0	0	0	1	0	1	3	ENSG00000138443.15	ABI2
chr2:203394847-203395655	N_w	87	128	54	44	52	51	77	62	91	123	49	15	49	93	79	92	43	103	99	46	87	86	53	83	19	55	16	17	36	41	14	33	19	123	19	50	76	ENSG00000138443.15	ABI2
chr2:203394847-203395658	N_w	5	11	4	6	5	5	3	2	11	17	8	2	4	11	8	5	5	12	20	1	13	9	3	7	2	5	3	3	7	6	4	0	1	11	2	2	3	ENSG00000138443.15	ABI2
chr2:203394847-203402575	N_w	2	1	0	0	0	1	1	0	1	2	0	0	0	3	1	0	2	2	0	0	1	1	0	0	0	0	0	0	0	0	0	1	1	0	0	0	0	ENSG00000138443.15	ABI2
chr2:203395781-203396784	N_w	0	0	0	0	0	6	0	0	0	0	0	0	0	0	0	0	0	0	1	0	0	0	4	0	0	1	0	0	0	0	0	0	0	0	0	0	1	ENSG00000138443.15	ABI2
chr2:203395781-203402575	N_w	43	65	52	28	24	26	54	25	52	68	35	11	42	72	54	49	41	51	65	45	50	46	32	45	14	47	5	13	41	28	7	23	12	63	11	35	43	ENSG00000138443.15	ABI2
chr2:203396968-203402575	N_w	0	0	0	0	0	3	0	0	0	0	0	0	0	0	0	0	0	2	2	1	1	0	2	1	0	0	0	0	0	0	0	0	0	0	0	0	0	ENSG00000138443.15	ABI2
chr2:203402735-203411284	N_w	39	36	33	22	15	10	26	14	41	45	25	18	26	40	32	26	14	32	36	24	33	40	22	20	22	27	7	7	17	14	11	25	10	54	26	17	35	ENSG00000138443.15	ABI2
chr2:203402735-203416907	N_w	44	61	31	20	25	26	42	16	59	55	43	22	52	104	45	31	39	55	52	25	49	46	39	60	16	29	9	10	35	27	10	18	8	61	38	43	38	ENSG00000138443.15	ABI2
chr2:203402735-203416913	N_w	2	1	0	0	1	2	1	0	3	1	0	0	1	2	0	2	0	1	0	0	1	0	1	1	2	1	0	0	0	0	0	0	0	0	1	0	1	ENSG00000138443.15	ABI2
chr2:203411372-203416907	N_w	66	73	34	31	28	33	57	40	88	64	37	34	55	77	50	55	36	56	57	52	37	50	55	51	46	43	3	17	25	45	13	37	18	71	39	39	48	ENSG00000138443.15	ABI2
chr2:203411372-203416913	N_w	3	6	4	0	1	2	1	1	4	5	3	1	1	6	6	0	2	4	5	4	3	1	4	2	0	2	0	1	2	0	4	4	0	3	2	1	1	ENSG00000138443.15	ABI2
chr2:203417082-203427176	N_w	69	79	32	38	50	35	49	28	67	84	51	54	51	50	63	52	11	68	68	49	64	53	29	40	66	39	7	13	32	16	17	12	15	103	77	38	57	ENSG00000138443.15	ABI2
chr2:203427270-203427495	N_w	4	6	1	2	5	3	5	4	10	7	3	0	4	4	6	3	3	0	10	1	6	2	2	5	1	3	0	0	0	0	0	3	0	4	2	0	2	ENSG00000138443.15	ABI2
chr2:203427270-203431000	N_w	0	0	0	3	0	0	3	0	2	0	0	1	1	0	0	0	0	3	0	1	0	1	0	0	0	1	0	0	0	0	0	0	0	1	3	0	0	ENSG00000138443.15	ABI2
chr1:27408347-27409691	N_w	64	76	50	33	54	51	62	45	14	70	59	2	15	146	65	74	20	79	41	50	59	50	50	36	1	48	9	14	57	31	12	25	7	103	2	46	58	ENSG00000158195.10	WASF2
chr1:27410207-27412571	N_w	42	57	41	41	32	30	50	24	53	54	30	17	60	51	41	28	28	28	40	30	40	35	18	18	21	32	8	15	35	30	8	11	9	68	43	44	31	ENSG00000158195.10	WASF2
chr1:27412728-27414832	N_w	58	75	42	42	39	49	53	20	66	77	48	57	49	65	62	51	26	49	61	26	55	40	22	14	55	27	7	13	40	19	13	15	14	69	73	68	26	ENSG00000158195.10	WASF2
chr1:27414964-27415984	N_w	114	204	50	80	70	83	115	69	117	164	100	163	125	184	83	114	51	127	113	68	100	80	105	169	189	42	6	27	92	55	23	29	10	202	218	77	87	ENSG00000158195.10	WASF2
chr1:27416103-27418268	N_w	90	189	65	86	73	58	102	64	124	151	88	99	95	198	133	86	54	80	108	67	88	79	75	118	100	67	16	31	104	61	29	21	23	121	150	89	78	ENSG00000158195.10	WASF2
chr1:27418423-27418953	N_w	80	120	92	91	56	59	95	61	95	127	92	46	88	196	112	90	35	103	119	71	102	80	59	101	49	56	17	27	101	66	32	22	11	144	66	99	70	ENSG00000158195.10	WASF2
chr1:27419089-27428760	N_w	30	38	22	21	15	20	38	15	21	27	24	2	12	31	37	28	5	31	29	13	26	25	7	10	6	18	3	9	32	9	8	11	3	37	5	28	22	ENSG00000158195.10	WASF2
chr1:27428934-27489985	N_w	12	14	16	35	15	7	45	18	2	13	27	2	2	48	28	61	23	13	11	10	13	12	46	52	0	18	3	11	40	21	11	9	6	17	0	67	21	ENSG00000158195.10	WASF2
chr1:32742190-32767786	N_w	0	1	4	3	2	0	5	4	0	1	1	0	0	6	4	8	0	1	0	0	1	2	2	3	0	5	1	3	9	19	7	5	3	5	1	14	2	ENSG00000162522.10	KIAA1522
chr1:32754181-32767786	N_w	4	6	5	9	9	0	29	7	0	7	14	0	0	22	2	32	14	6	1	3	1	8	17	16	0	5	2	12	11	30	15	24	14	8	0	19	2	ENSG00000162522.10	KIAA1522
chr1:32765828-32767786	N_w	0	1	0	3	2	4	2	1	1	0	0	0	1	1	1	1	3	6	2	4	4	3	3	0	0	1	0	0	0	0	0	0	0	3	0	1	2	ENSG00000162522.10	KIAA1522
chr1:32767048-32767786	N_w	1	0	0	0	0	0	1	0	0	0	0	0	0	1	1	0	1	3	1	0	4	1	3	0	0	1	0	0	0	0	0	0	0	0	0	0	0	ENSG00000162522.10	KIAA1522
chr1:32767958-32768061	N_w	38	44	36	50	37	22	51	28	11	55	32	1	8	106	32	52	28	37	32	17	46	30	36	33	1	31	13	32	34	58	28	43	24	65	3	66	35	ENSG00000162522.10	KIAA1522
chr1:32768118-32768594	N_w	1	1	0	2	0	0	2	0	1	0	0	1	0	2	0	2	0	0	0	0	0	0	0	1	0	1	0	0	2	0	0	5	0	0	0	0	1	ENSG00000162522.10	KIAA1522
chr1:32768118-32768651	N_w	50	68	44	43	44	27	64	27	31	64	35	0	19	116	52	58	32	36	36	8	55	40	35	40	3	28	17	51	40	84	31	35	34	56	7	49	44	ENSG00000162522.10	KIAA1522
chr1:32768776-32769672	N_w	38	21	29	21	20	9	31	23	9	19	30	1	5	57	43	27	14	23	18	10	28	14	9	11	2	26	5	19	19	35	16	20	11	27	3	20	21	ENSG00000162522.10	KIAA1522
chr1:32769787-32769879	N_w	17	16	24	23	23	9	44	22	2	17	25	0	3	39	9	22	7	20	8	11	34	22	16	15	1	24	5	18	11	42	10	11	9	27	1	34	25	ENSG00000162522.10	KIAA1522
chr1:32770111-32770220	N_w	0	0	2	2	0	0	1	2	0	0	2	0	0	2	1	4	0	0	0	0	3	1	0	0	0	0	0	1	0	1	0	2	2	1	0	0	3	ENSG00000162522.10	KIAA1522
chr1:32772442-32772864	N_w	50	33	59	34	51	21	69	40	18	53	33	1	7	113	45	50	19	41	19	34	41	43	60	49	2	31	18	50	34	83	26	69	39	53	2	68	34	ENSG00000162522.10	KIAA1522
chr1:183627595-183630460	N_w	87	69	42	62	48	45	64	32	95	109	38	54	59	30	78	55	13	48	46	44	35	69	35	21	57	34	4	20	32	28	18	22	16	84	55	30	52	ENSG00000162704.15	ARPC5
chr1:183630638-183633081	N_w	123	101	99	122	87	84	81	61	56	125	69	18	42	122	128	152	68	115	58	67	74	124	120	69	16	69	28	58	96	109	48	61	49	137	16	80	88	ENSG00000162704.15	ARPC5
chr1:183633154-183635515	N_w	0	0	0	0	0	0	0	0	0	0	0	3	8	0	0	0	0	0	0	0	0	0	0	0	0	0	0	0	0	0	0	0	0	0	0	0	0	ENSG00000162704.15	ARPC5
chr2:218217255-218217462	N_w	2	4	10	18	39	10	27	15	0	6	6	0	0	14	3	46	29	18	2	3	6	17	46	27	0	4	5	17	19	33	12	28	18	14	0	99	14	ENSG00000163466.15	ARPC2
chr2:218217255-218225919	N_w	0	1	0	1	1	0	2	0	0	0	0	0	0	0	0	0	1	2	0	0	0	0	0	1	0	0	0	0	1	1	0	0	0	0	0	0	0	ENSG00000163466.15	ARPC2
chr2:218217545-218225919	N_w	93	129	141	142	180	94	131	113	33	133	70	10	24	262	61	207	159	148	77	76	81	131	257	269	11	82	57	127	204	189	71	207	110	143	11	178	89	ENSG00000163466.15	ARPC2
chr2:218225955-218228737	N_w	107	158	137	164	159	104	106	87	60	158	79	32	49	197	78	160	110	169	105	72	95	106	168	148	28	79	40	145	198	184	88	159	91	144	26	132	86	ENSG00000163466.15	ARPC2
chr2:218228851-218234351	N_w	242	204	145	230	157	151	139	75	204	233	86	171	150	176	156	144	97	224	149	117	179	160	125	91	174	150	75	139	206	171	119	128	118	185	221	93	173	ENSG00000163466.15	ARPC2
chr2:218228851-218238663	N_w	3	9	1	3	1	6	1	0	3	9	1	0	1	43	2	4	1	8	3	0	9	0	8	6	10	2	1	0	8	0	0	3	1	2	2	3	4	ENSG00000163466.15	ARPC2
chr2:218228851-218245419	N_w	3	0	0	0	1	0	0	0	0	2	1	0	0	18	0	0	0	1	1	0	0	0	0	0	0	2	0	1	1	0	0	0	0	0	0	0	0	ENSG00000163466.15	ARPC2
chr2:218234398-218238663	N_w	303	224	161	200	180	176	176	101	263	253	99	238	206	282	243	205	94	268	206	179	218	228	239	138	243	182	72	150	252	176	91	147	152	283	273	134	222	ENSG00000163466.15	ARPC2
chr2:218235045-218238663	N_w	1	0	0	2	3	1	0	0	3	1	0	0	1	4	3	3	0	0	2	0	2	0	2	1	1	2	0	0	5	1	1	1	0	1	0	4	4	ENSG00000163466.15	ARPC2
chr2:218236734-218238663	N_w	2	0	1	0	0	1	0	1	0	0	0	0	0	5	0	0	1	3	0	0	0	0	0	0	0	0	0	1	4	1	0	3	0	0	0	0	0	ENSG00000163466.15	ARPC2
chr2:218238851-218239390	N_w	300	280	186	283	186	241	174	99	336	333	109	267	235	230	206	169	93	307	209	183	220	219	130	108	371	173	73	143	225	137	103	194	110	271	412	213	222	ENSG00000163466.15	ARPC2
chr2:218238851-218245419	N_w	1	1	0	1	0	0	0	1	2	2	0	0	0	32	0	1	1	0	0	1	0	0	1	0	6	3	0	0	13	0	0	0	0	0	0	8	1	ENSG00000163466.15	ARPC2
chr2:218239485-218245419	N_w	398	264	215	237	226	248	216	117	353	306	124	115	232	478	288	242	194	323	277	219	271	269	225	143	190	209	136	202	307	220	116	346	184	293	179	205	233	ENSG00000163466.15	ARPC2
chr2:218239485-218249363	N_w	0	2	2	0	0	1	1	0	0	1	1	2	1	1	0	1	2	0	0	0	1	0	4	0	0	0	0	1	3	0	0	0	0	0	1	4	1	ENSG00000163466.15	ARPC2
chr2:218245547-218249363	N_w	509	363	355	299	277	331	269	158	400	421	192	37	218	639	286	279	280	434	316	311	320	378	370	295	81	314	227	294	526	327	196	567	241	403	74	313	325	ENSG00000163466.15	ARPC2
chr2:218249465-218249820	N_w	509	380	365	288	288	344	294	194	392	474	185	58	248	622	273	308	270	433	282	311	367	396	427	287	101	312	212	319	571	304	185	474	264	399	92	290	339	ENSG00000163466.15	ARPC2
chr2:218249922-218253890	N_w	603	421	270	289	294	388	342	204	523	475	251	109	318	620	281	317	164	465	343	322	393	351	418	203	174	307	151	236	448	291	192	431	302	444	142	233	334	ENSG00000163466.15	ARPC2
chrX:17376323-17687741	N_w	0	0	0	0	0	0	0	0	0	0	0	0	0	4	0	6	0	0	0	0	0	0	0	0	0	0	0	0	0	0	0	0	0	0	0	0	0	ENSG00000188158.14	NHS
chrX:17687895-17692334	N_w	0	0	2	2	0	1	2	3	0	1	5	0	0	0	1	3	0	0	0	0	1	0	1	3	0	0	0	4	1	3	0	1	0	6	0	0	1	ENSG00000188158.14	NHS
chrX:17692469-17719343	N_w	3	4	3	2	2	1	1	1	2	4	7	0	0	3	8	5	0	1	1	0	0	2	0	2	0	0	2	2	1	7	0	0	2	4	0	2	2	ENSG00000188158.14	NHS
chrX:17719407-17721440	N_w	3	3	3	0	0	1	2	2	3	4	2	0	2	3	4	2	0	0	1	0	3	0	0	4	0	1	0	0	0	3	0	0	2	3	1	0	0	ENSG00000188158.14	NHS
chrX:17721634-17724298	N_w	2	8	4	4	4	2	9	3	4	9	8	10	5	5	9	10	3	2	3	0	0	7	3	9	1	1	0	0	1	4	2	0	1	10	7	0	3	ENSG00000188158.14	NHS
chrX:17724431-17725346	N_w	4	9	6	7	3	1	3	5	6	10	6	5	1	3	8	8	5	1	1	0	4	1	1	4	4	1	1	2	1	0	0	1	1	11	8	5	2	ENSG00000188158.14	NHS
chrX:17728329-17728648	N_w	13	10	3	12	3	2	6	11	15	9	11	9	14	3	11	10	3	3	6	0	6	3	5	7	8	10	4	2	5	4	1	2	2	19	16	12	3	ENSG00000188158.14	NHS
chrX:17728776-17731857	N_w	14	17	5	8	8	4	4	3	13	15	4	10	16	3	8	13	3	3	2	3	4	7	5	11	15	4	0	1	1	2	1	2	1	16	13	3	6	ENSG00000188158.14	NHS
chrX:72132235-72134090	N_w	0	1	0	0	0	0	0	1	0	1	1	0	0	0	0	0	2	2	0	0	0	0	0	2	0	1	0	0	1	0	0	0	0	3	0	0	0	ENSG00000204131.9	NHSL2
chrX:72134219-72134508	N_w	6	4	1	2	1	0	0	0	2	4	0	0	1	1	5	2	2	4	3	2	2	2	0	0	0	1	0	0	1	1	0	0	0	2	0	0	5	ENSG00000204131.9	NHSL2
chrX:72134705-72137093	N_w	1	3	0	1	0	0	4	3	0	2	2	0	1	3	3	3	3	2	4	0	5	0	2	1	0	1	0	1	2	1	1	0	0	3	0	0	0	ENSG00000204131.9	NHSL2
chrX:72134705-72138440	N_w	0	0	0	0	0	0	1	0	2	0	1	0	0	1	0	1	1	0	1	0	0	1	0	0	0	0	0	0	1	0	0	0	0	0	0	0	0	ENSG00000204131.9	NHSL2
chrX:72137226-72138440	N_w	0	1	2	0	0	3	0	0	0	3	1	0	1	0	3	2	1	2	6	0	1	1	0	0	0	0	0	0	1	0	1	0	0	1	0	0	0	ENSG00000204131.9	NHSL2
chrX:72140772-72142231	N_w	8	12	2	2	1	7	6	8	3	9	11	2	2	9	7	5	11	19	32	14	12	7	4	8	0	1	1	3	1	2	4	0	1	12	2	3	2	ENSG00000204131.9	NHSL2
chrX:72142365-72143252	N_w	3	5	0	2	3	3	6	3	1	7	4	1	3	2	2	0	2	5	8	5	7	2	7	3	1	4	0	0	0	2	1	2	0	5	3	0	2	ENSG00000204131.9	NHSL2
chr3:9792706-9797658	N_w	0	0	0	1	2	0	1	5	0	0	0	0	0	0	0	3	2	2	0	1	1	2	7	1	0	0	3	4	1	1	1	1	2	0	0	0	0	ENSG00000241553.12	ARPC4
chr3:9793125-9797658	N_w	9	3	13	12	25	7	22	8	0	8	10	0	0	24	8	24	8	13	5	18	21	17	36	13	0	9	2	10	11	13	8	13	12	19	0	15	18	ENSG00000241553.12	ARPC4
chr3:9793182-9797658	N_w	0	0	0	1	0	0	0	0	0	0	1	0	0	1	0	2	0	0	0	0	1	0	0	1	0	2	1	0	1	0	1	1	0	0	0	0	0	ENSG00000241553.12	ARPC4
chr3:9797778-9799878	N_w	0	0	0	1	0	1	1	1	0	2	0	0	0	1	3	0	2	0	0	1	4	0	2	0	1	1	1	2	2	0	1	2	0	0	0	1	0	ENSG00000241553.12	ARPC4
chr3:9797778-9800184	N_w	128	107	104	114	138	95	141	86	64	122	69	25	41	218	104	127	105	166	93	104	108	145	121	119	17	124	78	99	96	98	89	131	93	173	9	140	120	ENSG00000241553.12	ARPC4
chr3:9800068-9800184	N_w	3	2	4	2	4	2	3	1	4	0	5	1	2	6	2	2	1	1	1	1	3	0	6	2	0	1	2	2	5	1	0	2	2	4	3	1	3	ENSG00000241553.12	ARPC4
chr3:9800297-9801660	N_w	193	121	107	102	120	107	112	89	159	159	66	57	96	203	136	136	83	149	102	125	145	158	121	83	78	111	54	107	99	111	64	72	104	172	75	132	117	ENSG00000241553.12	ARPC4
chr3:9800297-9803842	N_w	3	3	3	2	4	1	3	1	6	9	1	1	3	3	0	3	3	5	0	0	4	3	3	0	0	4	2	3	2	0	0	2	2	4	3	0	4	ENSG00000241553.12	ARPC4
chr3:9801757-9803842	N_w	235	188	128	112	170	114	133	83	222	197	101	130	168	271	171	148	75	210	164	134	194	185	199	166	135	144	73	121	143	133	90	143	125	206	142	130	166	ENSG00000241553.12	ARPC4
chr3:9803708-9803842	N_w	3	3	2	1	0	0	0	0	1	1	2	0	0	4	2	1	1	1	0	2	4	3	1	1	2	2	0	0	5	0	0	0	0	0	1	0	1	ENSG00000241553.12	ARPC4
chr3:9804014-9806209	N_w	396	290	234	176	234	195	220	107	334	332	146	98	260	389	287	281	170	337	200	235	275	302	335	149	162	215	142	205	270	244	133	248	199	324	160	221	266	ENSG00000241553.12	ARPC4
chr7:99326005-99333324	N_w	52	56	22	43	69	16	43	34	13	60	16	5	14	40	32	50	47	72	48	15	47	41	86	62	2	25	25	25	64	44	39	53	21	52	3	85	41	ENSG00000241685.9	ARPC1A
chr7:99333418-99338180	N_w	177	128	96	123	123	109	84	58	100	140	66	67	90	120	96	129	106	194	117	114	166	144	185	119	65	73	48	87	101	113	98	125	74	146	75	101	109	ENSG00000241685.9	ARPC1A
chr7:99338286-99344292	N_w	86	91	75	93	60	62	55	33	88	97	44	20	54	105	79	79	54	95	85	67	73	99	72	54	28	66	35	47	56	49	33	75	39	91	35	55	71	ENSG00000241685.9	ARPC1A
chr7:99344516-99348851	N_w	186	149	105	100	82	108	90	63	176	140	60	64	106	123	114	132	105	199	139	132	140	172	191	97	63	84	55	106	100	122	60	117	99	124	93	66	93	ENSG00000241685.9	ARPC1A
chr7:99344516-99353908	N_w	1	0	1	0	1	0	0	0	1	1	0	1	0	0	1	0	0	2	0	0	0	1	0	2	0	2	0	1	1	0	0	2	0	0	0	2	0	ENSG00000241685.9	ARPC1A
chr7:99348960-99353908	N_w	48	46	35	27	22	27	36	13	55	50	20	24	36	36	30	21	23	55	34	13	42	57	31	13	25	39	15	24	18	21	24	23	24	48	28	25	37	ENSG00000241685.9	ARPC1A
chr7:99349364-99353908	N_w	1	1	0	0	0	0	0	0	0	1	0	0	1	1	0	0	0	1	0	0	0	1	0	0	0	0	0	0	2	1	0	0	0	0	0	0	0	ENSG00000241685.9	ARPC1A
chr7:99354122-99358339	N_w	34	22	30	24	26	26	32	18	13	29	11	0	16	21	30	23	18	54	24	45	35	37	27	2	2	25	21	14	23	21	14	42	26	29	2	20	38	ENSG00000241685.9	ARPC1A
chr7:99358416-99359544	N_w	135	89	95	61	84	84	81	38	63	88	53	11	44	101	82	82	100	157	86	105	131	129	150	71	4	79	54	70	90	68	41	120	80	114	9	52	87	ENSG00000241685.9	ARPC1A
chr7:99359739-99363542	N_w	170	114	88	100	115	95	80	47	130	125	46	22	113	101	75	95	48	172	109	107	141	159	155	57	34	84	66	80	84	95	62	106	90	103	21	61	111	ENSG00000241685.9	ARPC1A
chr7:99363634-99365890	N_w	163	86	101	77	90	94	87	49	101	117	57	38	84	108	88	86	76	191	107	112	118	134	169	67	41	93	75	116	120	108	56	120	140	130	37	66	88	ENSG00000241685.9	ARPC1A
chr3:10115820-10118905	N_w	3	1	4	1	9	2	3	3	2	4	0	1	1	10	8	4	4	4	2	4	2	6	11	1	4	5	4	2	1	6	4	7	1	5	1	2	2	ENSG00000254999.3	BRK1
chr3:10115820-10125625	N_w	356	358	281	218	233	269	235	175	288	377	149	215	229	832	352	403	273	440	282	244	362	342	465	318	211	295	171	260	306	360	130	242	261	300	212	206	249	ENSG00000254999.3	BRK1
chr3:10115820-10126268	N_w	0	1	2	0	0	1	1	0	0	1	0	1	0	0	1	1	0	1	0	0	0	0	0	1	0	0	0	0	0	3	0	0	1	1	0	0	3	ENSG00000254999.3	BRK1
chr3:10118971-10125625	N_w	6	7	2	2	9	7	10	4	10	9	4	7	1	17	3	4	9	8	4	11	2	4	9	6	9	4	1	5	3	9	2	5	1	5	2	4	9	ENSG00000254999.3	BRK1
chr3:10125709-10126268	N_w	490	411	327	242	252	353	304	165	511	416	228	165	323	839	339	388	278	537	361	360	447	406	460	374	240	343	152	323	392	372	171	281	291	367	253	289	365	ENSG00000254999.3	BRK1
chr15:22870193-22872824	N_w	100	82	47	70	55	47	59	23	84	78	41	42	58	54	46	56	28	70	57	59	53	80	35	34	44	59	27	36	31	33	31	39	30	86	44	42	64	ENSG00000273749.4	CYFIP1
chr15:22872973-22873490	N_w	170	123	128	70	89	85	116	57	93	116	61	15	60	151	108	111	56	149	84	131	110	135	122	92	12	110	52	56	66	73	58	100	38	158	10	64	138	ENSG00000273749.4	CYFIP1
chr15:22873730-22874549	N_w	99	75	74	72	50	49	83	25	54	66	45	11	32	78	67	62	36	103	58	70	49	65	74	69	22	58	17	20	25	22	26	45	22	93	15	38	84	ENSG00000273749.4	CYFIP1
chr15:22874645-22875198	N_w	156	108	108	69	64	97	100	59	92	97	72	16	53	114	80	91	56	132	103	116	101	123	107	73	24	82	30	39	57	53	27	75	53	143	22	53	121	ENSG00000273749.4	CYFIP1
chr15:22875272-22879912	N_w	126	98	98	81	94	78	103	57	64	118	42	8	44	121	61	74	56	131	66	100	88	97	103	132	7	89	32	44	50	46	26	67	51	112	2	78	130	ENSG00000273749.4	CYFIP1
chr15:22880044-22881845	N_w	146	103	143	79	71	75	90	49	32	99	70	0	31	92	83	80	54	138	61	70	97	90	63	55	7	95	28	43	43	36	32	90	38	148	5	84	112	ENSG00000273749.4	CYFIP1
chr15:22881937-22882867	N_w	87	59	82	64	51	44	64	27	23	52	44	3	15	77	61	59	41	105	38	58	41	69	40	53	0	67	25	33	24	47	24	40	26	98	2	70	64	ENSG00000273749.4	CYFIP1
chr15:22882021-22882867	N_w	0	0	1	0	0	0	0	1	0	0	0	0	0	0	0	0	0	1	1	0	5	0	0	0	0	1	0	0	1	0	0	0	0	0	0	0	0	ENSG00000273749.4	CYFIP1
chr15:22883012-22892889	N_w	119	116	70	48	82	53	77	47	84	94	40	33	62	99	82	72	38	87	63	70	69	75	71	73	41	69	22	40	29	46	27	47	30	115	48	70	68	ENSG00000273749.4	CYFIP1
chr15:22892978-22903705	N_w	119	107	108	81	78	92	96	59	44	116	69	25	36	109	58	56	76	142	59	109	93	111	87	102	18	105	24	71	66	74	34	67	33	133	25	95	117	ENSG00000273749.4	CYFIP1
chr15:22903906-22909193	N_w	120	85	92	61	59	51	74	41	63	68	57	15	41	95	71	88	44	99	80	63	61	99	77	90	16	52	21	39	51	45	28	61	33	103	14	69	79	ENSG00000273749.4	CYFIP1
chr15:22909314-22910519	N_w	121	101	84	56	69	56	81	47	46	99	61	9	36	85	82	80	45	129	94	64	86	110	51	72	8	76	31	32	57	44	22	72	24	110	10	70	100	ENSG00000273749.4	CYFIP1
chr15:22910629-22910736	N_w	96	84	71	66	67	51	68	38	86	96	56	36	81	112	65	72	63	105	75	68	87	88	88	110	40	59	18	36	43	55	34	50	23	101	36	52	71	ENSG00000273749.4	CYFIP1
chr15:22910814-22912178	N_w	122	118	83	69	69	72	80	60	96	108	59	26	60	98	88	78	39	135	78	57	82	94	65	54	35	59	24	38	38	51	35	60	26	129	26	51	84	ENSG00000273749.4	CYFIP1
chr15:22912276-22914725	N_w	78	85	62	54	40	29	64	33	51	67	39	6	50	58	61	63	32	77	56	60	69	63	37	69	13	52	24	20	27	20	16	37	16	80	8	72	61	ENSG00000273749.4	CYFIP1
chr15:22914883-22916476	N_w	87	79	33	55	42	45	57	39	72	88	37	18	42	68	71	66	32	71	59	49	41	49	54	41	25	44	13	25	32	33	19	23	13	85	30	36	63	ENSG00000273749.4	CYFIP1
chr15:22916631-22917787	N_w	55	34	38	32	23	20	38	19	23	42	21	3	7	20	29	25	17	47	33	23	29	31	26	13	2	26	2	13	18	22	8	22	6	51	3	22	37	ENSG00000273749.4	CYFIP1
chr15:22917936-22918691	N_w	61	83	58	62	44	37	82	32	19	52	41	2	12	53	63	59	33	79	45	55	49	71	42	42	5	41	15	26	25	42	13	36	15	100	2	46	55	ENSG00000273749.4	CYFIP1
chr15:22918859-22925981	N_w	23	39	39	20	17	18	36	33	12	33	27	1	9	36	31	41	14	37	22	27	21	35	16	9	0	30	10	23	9	18	5	24	7	49	1	47	37	ENSG00000273749.4	CYFIP1
chr15:22926108-22927905	N_w	9	10	27	23	16	6	38	17	2	8	26	0	1	29	20	48	16	22	7	11	13	18	30	33	0	15	6	12	9	30	8	18	9	22	0	16	26	ENSG00000273749.4	CYFIP1
chr15:22928029-22932222	N_w	18	12	22	28	22	19	38	14	2	10	20	0	4	17	10	35	8	45	4	18	24	31	17	27	0	12	3	8	11	12	4	12	5	28	0	37	26	ENSG00000273749.4	CYFIP1
chr15:22932341-22933801	N_w	105	107	49	60	72	46	65	37	84	106	55	32	62	100	75	77	53	82	73	54	68	75	54	87	38	42	14	16	27	41	25	43	27	106	51	59	91	ENSG00000273749.4	CYFIP1
chr15:22933894-22937103	N_w	82	84	60	53	51	29	52	38	83	66	43	92	72	67	60	56	27	78	74	63	74	63	48	86	60	39	20	27	26	53	13	31	12	100	105	50	61	ENSG00000273749.4	CYFIP1
chr15:22937209-22939191	N_w	65	86	29	59	39	34	65	37	68	63	44	49	63	38	44	46	19	68	57	42	41	54	41	53	57	31	10	13	20	15	13	21	16	73	61	55	49	ENSG00000273749.4	CYFIP1
chr15:22939321-22939410	N_w	60	70	35	32	25	27	57	28	45	52	25	34	46	36	60	49	19	63	43	47	37	47	12	25	25	40	4	19	18	11	11	11	5	72	39	38	54	ENSG00000273749.4	CYFIP1
chr15:22939508-22943172	N_w	85	100	62	51	43	31	59	42	89	81	60	33	68	95	87	82	42	85	88	66	50	87	49	73	25	62	9	28	39	33	21	41	10	89	27	68	76	ENSG00000273749.4	CYFIP1
chr15:22943355-22944557	N_w	50	87	33	36	35	27	31	33	59	64	33	22	40	47	43	38	21	68	47	41	41	55	33	46	17	31	6	15	22	13	11	21	8	62	16	37	53	ENSG00000273749.4	CYFIP1
chr15:22944660-22944861	N_w	70	90	54	60	56	39	55	41	52	71	50	21	62	86	58	80	50	77	69	55	48	78	58	76	31	40	14	28	31	34	17	34	11	96	18	41	63	ENSG00000273749.4	CYFIP1
chr15:22944940-22947002	N_w	26	39	24	20	23	14	29	16	25	30	21	7	9	27	24	29	11	17	21	33	18	30	12	27	9	21	6	4	13	12	4	12	6	49	7	15	23	ENSG00000273749.4	CYFIP1
chr15:22947093-22947168	N_w	20	28	23	47	29	15	47	33	9	28	36	0	11	46	28	54	30	43	18	15	25	34	27	73	1	19	4	22	22	41	10	20	7	30	0	31	33	ENSG00000273749.4	CYFIP1
chr15:22947292-22980286	N_w	1	2	6	10	13	3	5	8	0	1	9	0	0	5	3	6	5	4	2	0	3	2	7	7	0	2	3	3	2	5	2	2	4	7	0	20	9	ENSG00000273749.4	CYFIP1
chr15:22947319-22980286	N_w	1	0	0	0	0	0	0	2	0	1	0	0	0	0	0	0	0	1	0	0	0	0	0	0	0	0	0	0	0	0	0	0	1	0	0	6	0	ENSG00000273749.4	CYFIP1
