junction	type	2a9ed6f1-3f93-43cf-9e47-6690781e1009	d512d7d6-0f5f-484c-a4eb-20fcce53643a	f69372c0-9da5-469c-ba81-e5b3da5e605c	199a14f5-6ff1-4d6e-b043-06061511915f	b178a8cb-b28c-4fed-a8ae-d4e37ae39261	842f6668-669f-4e7d-89f6-f6da627297b8	ad36d45c-5bd4-4c14-87b7-eb57dc110ac7	a72b96c5-2ece-463e-a6cc-4598901a9bef	42a0ffc5-0804-4b82-9c18-50df23f21cf9	81148a24-a1bf-45ae-a0bb-709cccd728fd	8a72416e-242b-4482-921e-88fdae3c17ff	f53a9c63-1af7-4cbc-b8b7-4aa7aaed3364	dc2086bf-e50b-49fb-b31e-93b4fdc540fb	9a2c9224-ec66-4560-b909-08144c67e00d	7ad22869-92c5-43d5-b334-9781a311cb2e	454383cb-3cb3-4b8c-8078-a2ec27139d33	0141f9ca-a8a1-4ea4-b194-6c3afb943253	3551ea04-99f5-4748-8304-6a63e77ae756	fdbd24ed-a293-4f84-a418-8ab531750e9a	1f1c74d9-86f3-49ea-bb26-2c09efecc4a2	479dca62-5053-4919-9d21-695298aa76b4	37b29806-fbd6-432f-9a47-ce72bee3a5bb	9a756d11-4f93-4a52-9755-c338b21ccdca	d27541fa-68eb-4066-a6b8-6abd49575fe1	cc4c52a7-57d4-4959-abfb-8ed3b1ba4ded	e08283ca-68e0-4171-b8b9-51aee0b1e0ef	8ff6b0ab-c03c-4a06-a851-ebb4b0ffb769	1d6b448c-1d01-4a8c-8417-b094ec2d562e	e959e8bd-d13c-43c2-840b-8e19211eb643	0a858ad7-1c4a-41a0-9747-97c108cb074e	b8de7c7f-5de1-45b9-948d-cf5df3850551	6f54f9c0-5687-4a07-bf75-b506752b4a52	8c3b9672-d44c-4df4-9912-47f93f0a5c58	cef2bdb2-017f-4e90-94b3-45a91ac9fb6c	bc005778-f88d-47b7-8e04-ceb9750f00c2	3d648fd2-3148-478b-a74c-0016a04cdbe5	1ef1159e-ddaa-4673-8115-d8f356e51ff8	geneID	geneName
chr5:157266196-157285338	N_w	2	10	24	19	4	10	6	8	5	8	0	4	2	3	2	2	1	18	6	18	0	4	9	6	3	0	2	6	4	12	5	0	3	37	3	10	2	ENSG00000055163.19	CYFIP2
chr5:157266585-157285338	N_w	1	3	9	4	0	7	5	0	0	2	0	1	0	0	0	0	1	4	0	1	0	0	1	6	1	0	0	3	0	2	4	0	2	5	1	12	1	ENSG00000055163.19	CYFIP2
chr5:157285479-157287018	N_w	13	26	76	53	12	16	24	25	19	12	0	15	8	2	6	10	1	36	14	37	3	7	22	37	14	0	2	39	13	37	13	0	7	114	12	43	3	ENSG00000055163.19	CYFIP2
chr5:157287109-157294782	N_w	8	11	42	22	6	7	12	14	11	3	0	11	5	1	3	5	6	18	15	24	1	1	18	17	7	2	5	25	12	11	8	1	5	47	13	29	2	ENSG00000055163.19	CYFIP2
chr5:157288660-157294782	N_w	0	1	0	3	0	0	1	0	0	0	0	0	1	0	0	0	0	0	0	1	0	0	0	0	0	0	0	3	0	0	1	0	0	6	0	0	0	ENSG00000055163.19	CYFIP2
chr5:157294861-157296672	N_w	21	24	53	51	13	19	32	18	22	16	0	15	4	3	8	6	11	52	15	31	4	6	34	36	10	0	4	43	11	33	23	1	16	116	12	32	3	ENSG00000055163.19	CYFIP2
chr5:157296775-157300714	N_w	7	25	43	32	6	12	21	18	6	12	0	11	6	3	4	6	4	43	8	24	0	2	18	29	5	1	11	28	18	25	19	0	10	101	7	30	0	ENSG00000055163.19	CYFIP2
chr5:157300897-157302793	N_w	17	32	72	41	11	23	39	26	18	11	0	22	3	7	9	7	9	50	17	39	2	13	30	52	11	3	10	53	14	38	13	1	8	125	21	43	3	ENSG00000055163.19	CYFIP2
chr5:157302891-157304237	N_w	11	20	44	42	6	9	23	29	16	24	0	18	6	5	11	6	9	41	23	30	2	0	21	23	5	4	4	46	20	26	14	4	12	112	17	37	3	ENSG00000055163.19	CYFIP2
chr5:157304367-157307760	N_w	9	19	38	35	5	6	25	25	9	7	0	5	3	2	11	8	5	35	12	17	0	5	19	16	3	2	4	23	11	23	11	0	3	113	9	27	0	ENSG00000055163.19	CYFIP2
chr5:157307866-157309742	N_w	6	18	36	35	8	8	14	13	8	9	1	9	3	3	4	5	5	21	10	20	0	5	19	23	8	0	2	18	12	17	15	0	7	73	6	30	1	ENSG00000055163.19	CYFIP2
chr5:157309835-157311663	N_w	14	28	54	39	4	8	29	22	6	15	2	7	7	5	7	7	4	43	17	23	0	6	22	18	10	0	2	22	15	19	13	0	8	107	14	31	2	ENSG00000055163.19	CYFIP2
chr5:157311782-157314343	N_w	13	21	42	35	1	16	18	10	15	22	0	8	7	3	4	6	11	41	16	24	1	12	22	28	7	2	4	11	13	16	16	0	9	95	9	40	5	ENSG00000055163.19	CYFIP2
chr5:157314464-157314968	N_w	9	18	45	58	2	10	28	23	18	28	0	15	7	3	8	1	4	38	8	28	0	9	33	23	4	1	11	22	17	17	15	0	12	99	12	45	6	ENSG00000055163.19	CYFIP2
chr5:157315095-157319761	N_w	16	31	76	73	4	22	27	25	15	23	0	10	7	1	9	3	14	42	11	25	0	15	24	51	10	0	6	37	24	34	18	0	14	120	11	57	2	ENSG00000055163.19	CYFIP2
chr5:157319929-157320654	N_w	12	13	35	55	1	18	25	28	24	9	0	4	8	4	6	7	6	50	8	27	5	13	25	45	12	1	4	46	32	27	8	0	10	57	16	43	5	ENSG00000055163.19	CYFIP2
chr5:157320803-157323920	N_w	8	17	53	40	1	20	36	28	24	26	1	5	7	10	8	2	12	37	9	23	1	8	17	38	5	2	7	30	28	31	15	0	15	120	21	36	4	ENSG00000055163.19	CYFIP2
chr5:157324075-157325481	N_w	10	17	43	56	15	20	28	21	17	21	1	7	6	12	10	4	3	36	17	45	2	13	49	27	7	1	12	46	29	52	22	0	20	150	22	69	4	ENSG00000055163.19	CYFIP2
chr5:157325639-157326170	N_w	21	33	62	90	16	21	44	36	15	26	0	17	5	4	13	10	8	63	27	42	2	7	35	49	10	2	9	44	24	48	18	1	14	147	20	86	1	ENSG00000055163.19	CYFIP2
chr5:157326268-157327972	N_w	10	21	47	48	12	13	12	14	13	7	0	10	1	2	5	3	10	44	12	22	4	3	26	26	7	1	0	24	23	32	2	0	12	110	11	35	5	ENSG00000055163.19	CYFIP2
chr5:157328050-157330741	N_w	21	26	66	83	12	26	37	32	11	25	0	9	4	1	8	10	14	55	23	65	2	15	30	46	6	5	13	56	27	49	18	1	20	151	12	88	5	ENSG00000055163.19	CYFIP2
chr5:157330851-157333326	N_w	21	27	46	80	8	31	36	36	11	29	0	15	9	6	3	8	18	72	20	44	3	21	32	39	8	0	9	62	26	32	23	2	13	156	25	59	7	ENSG00000055163.19	CYFIP2
chr5:157333447-157339056	N_w	15	24	122	58	7	35	37	32	15	20	1	9	5	7	5	10	21	44	14	47	4	38	37	84	16	1	16	66	28	40	22	2	8	125	24	121	5	ENSG00000055163.19	CYFIP2
chr5:157339257-157341069	N_w	20	29	73	77	9	25	34	27	25	30	0	22	2	12	20	10	29	80	50	56	4	27	40	57	11	4	21	64	61	63	20	0	25	199	22	112	5	ENSG00000055163.19	CYFIP2
chr5:157341158-157359004	N_w	31	16	96	85	11	37	39	30	30	38	0	11	18	8	16	10	31	38	51	45	4	23	48	85	14	8	13	61	56	82	16	1	30	172	21	123	9	ENSG00000055163.19	CYFIP2
chr5:157359149-157360281	N_w	20	21	82	71	3	23	45	28	20	28	0	14	5	8	11	7	28	68	42	52	4	26	34	44	3	1	12	50	53	51	20	3	19	160	26	92	8	ENSG00000055163.19	CYFIP2
chr5:157360373-157361467	N_w	18	28	105	90	11	23	51	31	36	64	0	24	7	11	18	13	31	84	46	61	4	54	39	58	14	8	15	43	63	70	16	2	29	184	22	113	13	ENSG00000055163.19	CYFIP2
chr5:157360623-157361467	N_w	0	0	1	0	0	0	0	0	1	2	0	1	0	0	1	2	0	1	0	0	0	0	0	2	0	0	0	0	0	0	0	0	1	1	0	0	0	ENSG00000055163.19	CYFIP2
chr5:157361599-157382589	N_w	20	16	90	41	5	19	35	17	19	28	0	11	4	4	7	6	12	51	24	23	0	42	28	56	10	0	20	25	45	37	21	1	13	127	16	113	7	ENSG00000055163.19	CYFIP2
chr5:157382663-157383264	N_w	26	29	75	80	6	33	45	34	18	31	0	13	4	11	17	19	21	59	33	32	3	29	43	58	8	3	22	53	61	80	19	1	19	162	20	123	9	ENSG00000055163.19	CYFIP2
chr5:157383360-157389188	N_w	22	24	84	85	10	34	40	26	20	41	0	8	3	11	8	9	22	57	45	33	2	41	44	71	18	4	32	45	58	62	13	5	18	112	27	161	7	ENSG00000055163.19	CYFIP2
chr5:157389428-157390520	N_w	30	31	102	86	9	37	43	33	22	65	3	12	8	17	20	12	20	72	53	51	4	62	41	67	21	10	31	54	45	81	14	8	26	155	41	152	11	ENSG00000055163.19	CYFIP2
chr5:157389428-157392832	N_w	2	0	1	1	0	1	2	0	0	0	0	0	0	1	1	1	1	0	0	2	0	0	3	1	1	0	0	0	0	2	0	0	1	0	0	0	1	ENSG00000055163.19	CYFIP2
chr5:157390669-157392832	N_w	50	41	112	126	18	53	64	48	38	102	3	28	8	32	16	21	62	79	72	69	7	84	60	83	22	20	28	74	85	111	28	11	44	248	68	159	7	ENSG00000055163.19	CYFIP2
chr2:182925819-182926815	N_w	181	146	141	223	112	253	111	231	319	205	98	41	295	175	113	82	205	149	144	193	149	99	220	174	135	126	61	153	226	177	175	48	247	271	267	97	188	ENSG00000061676.14	NCKAP1
chr2:182926906-182928116	N_w	267	299	228	359	178	502	201	513	432	396	121	385	550	248	223	183	458	320	274	367	288	173	499	317	224	340	97	278	367	411	353	95	349	616	676	214	376	ENSG00000061676.14	NCKAP1
chr2:182928227-182928782	N_w	175	224	184	278	160	342	193	393	336	294	95	277	432	117	151	129	265	257	180	258	195	111	327	195	146	220	63	205	247	229	270	43	262	394	470	211	268	ENSG00000061676.14	NCKAP1
chr2:182928900-182930694	N_w	261	247	210	295	161	361	166	380	403	311	92	284	412	175	179	129	267	225	161	268	232	121	310	245	217	228	75	220	260	260	325	42	295	479	453	163	317	ENSG00000061676.14	NCKAP1
chr2:182930789-182934751	N_w	136	162	103	211	119	204	100	284	236	164	52	200	311	75	90	79	161	188	118	213	129	37	200	115	70	107	36	102	189	159	175	26	165	272	297	76	203	ENSG00000061676.14	NCKAP1
chr2:182934833-182935292	N_w	80	94	48	77	43	232	51	115	86	71	18	107	109	45	83	55	69	118	49	77	119	38	149	88	23	35	15	135	116	106	95	44	67	207	119	19	155	ENSG00000061676.14	NCKAP1
chr2:182935376-182942069	N_w	219	227	144	366	195	374	142	354	364	298	45	223	439	158	178	120	162	238	145	322	220	58	290	199	136	153	45	194	234	259	275	27	287	387	341	128	291	ENSG00000061676.14	NCKAP1
chr2:182942164-182952404	N_w	130	117	112	184	79	171	59	214	210	127	33	145	250	54	78	44	79	114	71	122	87	28	153	120	91	84	33	83	104	120	184	8	150	193	176	92	148	ENSG00000061676.14	NCKAP1
chr2:182952503-182952792	N_w	226	269	146	293	175	371	195	480	305	264	71	272	432	154	149	135	263	277	137	323	227	56	367	201	150	162	56	205	209	265	317	26	234	503	417	92	263	ENSG00000061676.14	NCKAP1
chr2:182952924-182953112	N_w	141	165	101	254	126	211	125	313	278	242	50	209	376	93	105	104	173	192	94	252	136	41	231	134	120	85	38	150	176	159	279	9	227	311	278	80	200	ENSG00000061676.14	NCKAP1
chr2:182952924-182956461	N_w	0	0	2	1	0	0	0	2	0	0	0	2	3	0	1	1	0	0	1	0	0	0	0	0	0	0	0	0	0	2	2	0	0	4	1	0	1	ENSG00000061676.14	NCKAP1
chr2:182953332-182956461	N_w	198	234	139	270	144	250	124	335	307	192	37	303	368	77	99	94	149	217	100	294	149	45	221	145	120	110	34	190	151	183	290	11	239	348	294	75	235	ENSG00000061676.14	NCKAP1
chr2:182956594-182957456	N_w	158	218	173	203	138	291	117	401	307	223	26	248	433	73	100	99	122	208	96	265	176	55	272	204	129	79	40	201	165	153	277	17	221	339	303	79	228	ENSG00000061676.14	NCKAP1
chr2:182957597-182962158	N_w	156	245	135	214	161	249	157	407	248	164	26	225	432	72	125	88	132	258	85	283	147	41	255	171	122	80	24	197	145	165	260	8	206	354	283	64	234	ENSG00000061676.14	NCKAP1
chr2:182962279-182964675	N_w	118	196	100	194	108	247	107	310	188	142	24	154	304	60	88	66	106	211	56	218	133	32	188	122	85	49	23	161	96	110	220	11	152	298	234	51	172	ENSG00000061676.14	NCKAP1
chr2:182964809-182967215	N_w	168	226	130	232	195	233	132	336	252	177	33	169	456	65	120	91	125	184	79	285	125	30	197	168	123	86	33	169	122	151	296	10	196	396	284	80	245	ENSG00000061676.14	NCKAP1
chr2:182964809-182976892	N_w	0	0	2	0	0	0	0	0	0	1	0	0	0	0	0	1	0	0	0	1	0	0	0	1	0	0	0	0	1	0	0	0	0	1	1	0	1	ENSG00000061676.14	NCKAP1
chr2:182967322-182978833	N_w	0	0	0	0	0	0	0	0	0	0	0	0	0	0	0	0	0	0	2	2	0	0	2	0	0	1	0	0	0	0	0	0	0	1	2	0	0	ENSG00000061676.14	NCKAP1
chr2:182967362-182976892	N_w	83	122	57	113	125	147	68	216	170	96	13	90	248	32	57	44	56	129	41	159	100	14	140	97	57	27	16	87	79	83	181	1	113	211	148	20	163	ENSG00000061676.14	NCKAP1
chr2:182976952-182978833	N_w	97	181	79	199	110	207	72	175	182	116	15	72	196	33	66	36	33	130	26	180	99	18	131	90	71	34	22	97	71	77	138	3	124	174	96	25	166	ENSG00000061676.14	NCKAP1
chr2:182978916-182981243	N_w	174	214	101	240	203	213	125	339	250	157	15	199	393	39	82	74	90	211	57	252	104	21	191	116	84	63	21	136	120	123	253	5	176	338	220	46	191	ENSG00000061676.14	NCKAP1
chr2:182981377-182982820	N_w	123	209	101	198	133	178	90	227	326	151	26	194	372	47	76	60	74	162	37	232	90	32	138	112	118	60	20	152	103	91	259	4	164	276	173	56	179	ENSG00000061676.14	NCKAP1
chr2:182982928-182983285	N_w	100	185	77	152	100	170	96	192	205	98	21	152	297	37	57	60	51	156	44	193	69	23	135	75	71	37	25	114	78	87	159	3	131	214	130	55	171	ENSG00000061676.14	NCKAP1
chr2:182983383-182986170	N_w	153	152	119	159	92	211	104	229	259	130	13	230	313	52	81	64	62	190	49	211	124	28	157	119	130	48	20	177	85	86	250	3	170	273	171	49	186	ENSG00000061676.14	NCKAP1
chr2:182986228-182989029	N_w	114	202	75	149	84	163	82	227	209	113	20	169	294	43	54	62	71	127	37	207	104	14	128	79	80	35	17	119	85	90	208	7	140	255	151	44	165	ENSG00000061676.14	NCKAP1
chr2:182989187-182994838	N_w	84	171	60	143	103	154	94	233	145	118	12	190	303	22	67	68	51	148	31	163	87	13	145	88	76	31	7	125	72	61	201	2	96	209	147	38	146	ENSG00000061676.14	NCKAP1
chr2:182994888-182995700	N_w	120	221	96	191	158	236	138	333	218	109	4	188	401	48	70	75	62	249	40	249	145	21	228	111	111	55	20	200	101	100	287	2	174	302	201	50	204	ENSG00000061676.14	NCKAP1
chr2:182995839-183001952	N_w	41	113	55	73	89	172	94	170	102	45	6	126	203	32	51	58	38	139	18	105	81	6	108	58	50	25	7	101	68	54	143	2	85	137	117	17	107	ENSG00000061676.14	NCKAP1
chr2:183002044-183002126	N_w	98	122	57	112	110	150	91	203	149	81	12	217	271	19	54	52	46	121	30	186	80	19	157	82	69	50	11	136	70	71	212	0	75	177	122	26	138	ENSG00000061676.14	NCKAP1
chr2:183002270-183002973	N_w	43	89	45	83	51	62	47	106	115	60	2	61	147	20	34	37	28	48	7	78	51	10	62	57	49	19	7	72	19	46	108	1	51	101	69	19	71	ENSG00000061676.14	NCKAP1
chr2:183003031-183003232	N_w	50	75	37	86	54	106	32	89	135	82	4	56	152	9	35	35	20	66	6	118	51	6	57	68	51	9	7	62	44	25	102	0	82	103	54	9	79	ENSG00000061676.14	NCKAP1
chr2:183003320-183023805	N_w	0	2	0	31	0	0	0	0	0	0	0	0	0	1	0	0	0	1	0	2	1	0	2	0	0	0	0	0	0	0	3	0	0	1	0	0	0	ENSG00000061676.14	NCKAP1
chr2:183003326-183023805	N_w	69	125	65	88	69	168	79	156	132	50	7	81	178	24	40	36	28	121	17	144	89	24	101	70	66	19	6	134	52	44	101	0	86	131	106	21	126	ENSG00000061676.14	NCKAP1
chr2:183023917-183024977	N_w	0	0	0	33	0	0	0	0	0	0	0	0	0	0	0	0	0	0	0	0	0	0	0	0	0	0	0	0	0	0	0	0	0	0	4	0	0	ENSG00000061676.14	NCKAP1
chr2:183023917-183037991	N_w	39	89	68	48	47	125	40	126	117	41	4	95	149	11	33	32	9	84	15	88	64	15	75	65	77	15	5	116	30	25	97	2	60	93	78	32	69	ENSG00000061676.14	NCKAP1
chr2:183024996-183037991	N_w	0	0	0	36	0	0	0	0	0	0	0	1	0	0	0	0	0	0	0	0	0	0	0	0	0	0	0	0	0	0	0	0	0	0	2	0	0	ENSG00000061676.14	NCKAP1
chr17:49210842-49216530	N_w	0	28	46	12	8	12	15	21	28	51	6	21	22	36	17	8	7	11	8	16	19	39	6	29	41	7	9	52	6	23	14	15	15	7	21	31	8	ENSG00000108798.8	ABI3
chr17:49216681-49217738	N_w	0	0	1	1	0	0	0	0	1	1	0	0	1	1	2	0	0	0	0	0	1	1	0	0	1	0	0	1	0	0	0	0	2	0	0	2	0	ENSG00000108798.8	ABI3
chr17:49216699-49217738	N_w	5	28	46	13	5	11	13	17	12	20	7	18	18	22	17	12	4	8	8	11	20	37	17	37	46	7	9	51	5	33	12	10	10	8	18	22	21	ENSG00000108798.8	ABI3
chr17:49217916-49219539	N_w	3	31	38	22	1	10	16	15	18	43	3	21	20	24	28	12	6	12	21	4	14	28	18	20	47	16	17	55	7	45	6	22	7	9	22	16	23	ENSG00000108798.8	ABI3
chr17:49219626-49219857	N_w	4	31	88	14	8	14	20	30	17	25	6	27	24	44	39	18	9	18	39	15	44	53	23	62	57	17	28	59	18	73	30	19	8	6	20	33	14	ENSG00000108798.8	ABI3
chr17:49219954-49220168	N_w	5	10	39	7	0	9	10	9	0	0	2	11	9	16	13	4	6	9	17	7	18	33	7	23	24	5	15	24	5	22	9	12	1	1	7	20	2	ENSG00000108798.8	ABI3
chr17:49219954-49220171	N_w	0	1	2	0	1	1	0	0	0	0	0	0	1	0	1	0	0	1	0	0	0	4	0	0	0	0	1	2	0	1	1	0	0	0	1	2	1	ENSG00000108798.8	ABI3
chr17:49220327-49222069	N_w	0	0	4	1	0	0	0	1	2	0	0	1	2	3	2	0	1	0	3	0	0	2	0	1	1	0	0	1	0	2	1	0	1	1	1	1	1	ENSG00000108798.8	ABI3
chr17:49220327-49222090	N_w	6	24	40	14	2	8	12	19	20	24	2	17	20	27	14	13	7	6	22	12	23	45	12	37	36	11	28	36	6	34	11	16	15	7	13	26	8	ENSG00000108798.8	ABI3
chr17:49222226-49222551	N_w	6	40	49	26	7	18	17	32	34	46	14	28	32	27	23	17	20	12	31	16	31	64	22	48	30	21	24	56	15	50	24	27	28	13	29	43	17	ENSG00000108798.8	ABI3
chr12:110435218-110436109	N_w	6	24	4	55	19	13	20	29	32	36	3	55	28	13	38	36	69	22	43	26	15	14	45	8	5	45	2	7	35	36	27	17	31	33	64	4	49	ENSG00000111229.15	ARPC3
chr12:110436202-110436556	N_w	6	4	4	11	6	4	16	15	7	11	7	28	8	6	4	10	17	4	13	7	11	5	18	7	6	22	2	4	11	9	4	5	9	7	43	8	12	ENSG00000111229.15	ARPC3
chr12:110436205-110436556	N_w	0	2	0	17	84	8	1	3	4	7	0	2	5	1	5	2	7	3	3	1	7	7	2	2	7	6	0	1	3	3	4	9	3	12	3	3	3	ENSG00000111229.15	ARPC3
chr12:110436205-110436664	N_w	0	2	0	4	2	5	1	3	1	3	5	4	1	4	2	5	5	1	6	5	2	2	0	1	0	7	0	0	2	5	2	0	5	4	2	2	1	ENSG00000111229.15	ARPC3
chr12:110436205-110437083	N_w	0	0	0	0	0	0	1	0	4	20	0	0	0	0	0	0	0	0	0	0	3	2	0	0	0	0	0	0	0	1	2	0	0	0	1	0	0	ENSG00000111229.15	ARPC3
chr12:110436684-110437083	N_w	285	388	443	1344	505	345	440	872	777	890	244	854	639	444	818	516	1166	318	702	454	836	592	705	673	496	929	265	431	579	770	605	683	696	670	1049	531	733	ENSG00000111229.15	ARPC3
chr12:110437153-110440311	N_w	0	4	2	11	0	3	5	4	2	2	1	1	2	0	1	1	3	1	7	1	4	5	2	3	1	4	1	4	2	0	2	2	2	4	6	2	0	ENSG00000111229.15	ARPC3
chr12:110437153-110445451	N_w	1	0	2	2	4	3	1	3	2	3	1	1	3	1	2	5	4	2	2	2	2	1	2	3	2	1	1	1	2	0	0	1	2	0	0	1	0	ENSG00000111229.15	ARPC3
chr12:110437153-110450254	N_w	0	0	0	0	0	0	0	1	0	1	0	0	0	0	0	0	1	0	0	0	1	0	2	0	0	0	2	0	0	0	0	1	1	0	1	0	0	ENSG00000111229.15	ARPC3
chr12:110440389-110445451	N_w	51	97	61	268	123	27	137	203	199	241	29	264	188	51	155	79	193	69	135	108	102	105	132	82	63	196	38	38	93	127	128	56	206	138	215	72	156	ENSG00000111229.15	ARPC3
chr12:110443068-110445451	N_w	1	3	3	0	0	4	2	1	1	1	1	1	2	3	1	1	2	2	1	0	4	3	2	0	1	1	0	3	0	3	1	7	1	2	2	1	3	ENSG00000111229.15	ARPC3
chr12:110445552-110450194	N_w	0	0	1	0	0	1	0	1	0	0	0	1	0	0	3	0	0	1	2	0	0	0	0	0	0	1	1	0	1	0	0	0	0	0	1	0	1	ENSG00000111229.15	ARPC3
chr12:110445552-110450254	N_w	145	379	348	832	405	390	497	678	457	500	187	983	444	403	644	455	950	378	549	411	882	522	441	449	337	652	225	483	428	478	348	513	457	425	897	552	552	ENSG00000111229.15	ARPC3
chr6:110100680-110101587	N_w	36	6	32	32	11	17	19	21	21	16	1	16	19	13	4	2	25	16	29	34	9	4	14	13	18	15	13	13	0	38	27	12	71	7	36	25	42	ENSG00000112290.12	WASF1
chr6:110102217-110103377	N_w	16	7	25	16	13	10	18	10	10	14	1	18	10	0	1	2	11	5	4	14	6	3	4	12	20	6	4	4	2	18	20	2	29	2	23	9	28	ENSG00000112290.12	WASF1
chr6:110103558-110105406	N_w	17	11	23	27	8	14	30	22	14	13	2	19	16	7	3	5	13	9	15	27	8	5	9	5	19	4	4	12	1	24	27	4	38	0	31	15	35	ENSG00000112290.12	WASF1
chr6:110105577-110107076	N_w	0	0	0	0	0	2	2	0	0	2	0	2	1	0	0	0	0	0	0	0	0	1	0	0	5	0	2	0	0	3	1	0	0	0	0	2	3	ENSG00000112290.12	WASF1
chr6:110105580-110107076	N_w	17	10	14	6	8	14	12	13	6	8	0	10	5	4	0	3	11	6	8	17	5	2	5	5	13	6	3	8	0	7	19	2	21	6	17	3	21	ENSG00000112290.12	WASF1
chr6:110107195-110108527	N_w	21	3	17	15	5	10	13	12	5	10	2	11	11	2	3	1	11	4	3	20	1	0	0	7	14	9	6	9	1	13	20	0	31	6	15	4	31	ENSG00000112290.12	WASF1
chr6:110108682-110113325	N_w	17	3	14	7	7	9	15	7	4	3	0	11	7	1	1	0	5	7	5	14	3	1	3	6	7	2	3	3	0	5	4	1	24	3	4	11	17	ENSG00000112290.12	WASF1
chr6:110113461-110127468	N_w	15	7	3	5	5	6	5	4	4	7	0	7	9	4	0	0	4	6	7	18	4	1	3	4	10	3	2	2	0	3	15	0	17	2	4	3	18	ENSG00000112290.12	WASF1
chr6:110127630-110160634	N_w	1	3	1	1	1	0	4	6	2	3	1	2	1	0	0	0	2	0	1	0	2	0	0	3	1	0	1	0	0	0	2	0	6	1	4	3	3	ENSG00000112290.12	WASF1
chr6:110127630-110178597	N_w	2	2	2	0	0	3	0	0	0	0	0	0	0	0	0	0	2	0	0	0	0	0	0	0	0	0	0	0	0	2	2	0	0	0	2	0	3	ENSG00000112290.12	WASF1
chr6:110127630-110179438	N_w	2	3	5	8	0	0	5	3	2	0	0	2	4	0	2	0	2	0	0	10	2	0	0	2	3	2	0	0	0	5	3	0	12	3	2	7	19	ENSG00000112290.12	WASF1
chr6:110160733-110178597	N_w	1	0	0	0	0	2	0	1	0	0	0	2	1	1	0	0	2	0	1	5	0	0	2	1	4	1	1	0	0	2	0	0	1	0	1	0	1	ENSG00000112290.12	WASF1
chr6:110160733-110179438	N_w	0	0	3	2	0	0	1	2	0	1	0	0	1	0	0	0	0	0	2	2	0	0	0	1	0	0	0	1	0	2	2	0	0	0	1	0	2	ENSG00000112290.12	WASF1
chr6:110178743-110179438	N_w	1	0	0	0	3	4	2	1	1	3	0	1	2	0	0	0	1	0	0	1	1	0	2	0	3	0	0	3	0	2	2	0	1	0	1	0	4	ENSG00000112290.12	WASF1
chr6:110178743-110179840	N_w	1	1	0	0	2	0	1	1	0	1	0	0	1	0	1	0	0	0	1	0	0	0	1	0	0	0	0	0	0	0	0	0	3	0	0	0	3	ENSG00000112290.12	WASF1
chr2:113890324-113913171	N_w	129	271	296	218	149	279	127	299	132	180	31	263	288	95	206	168	106	163	57	166	238	99	197	214	179	98	48	197	149	284	278	26	247	168	196	69	166	ENSG00000115091.11	ACTR3
chr2:113890324-113916883	N_w	0	0	0	0	0	0	0	2	0	0	0	1	1	0	0	0	0	2	0	0	0	0	1	1	0	0	0	0	0	1	1	0	0	0	0	0	0	ENSG00000115091.11	ACTR3
chr2:113913228-113916883	N_w	151	294	253	243	121	288	135	330	145	254	39	410	305	126	242	201	136	200	86	191	212	95	251	220	185	118	56	182	161	326	333	16	273	291	209	75	210	ENSG00000115091.11	ACTR3
chr2:113913228-113927344	N_w	0	1	2	3	0	0	0	1	0	0	0	0	0	0	0	1	2	0	0	0	0	0	1	0	0	0	0	1	0	1	1	0	1	0	0	0	1	ENSG00000115091.11	ACTR3
chr2:113917009-113927344	N_w	129	260	212	248	174	234	137	363	139	249	25	271	283	91	182	177	132	162	78	149	223	89	200	230	149	119	43	209	170	266	332	13	243	281	252	70	181	ENSG00000115091.11	ACTR3
chr2:113927456-113931300	N_w	275	340	304	386	218	345	187	454	192	425	66	541	428	149	305	313	208	231	148	207	273	118	326	284	209	220	86	262	198	471	516	33	375	448	377	126	262	ENSG00000115091.11	ACTR3
chr2:113931397-113934157	N_w	0	0	1	1	0	3	2	2	1	0	0	0	3	0	7	0	4	2	1	7	0	1	1	7	1	1	2	1	1	0	20	0	1	0	0	1	1	ENSG00000115091.11	ACTR3
chr2:113931397-113934278	N_w	100	126	122	144	94	158	56	180	55	154	18	118	132	50	109	110	79	113	57	76	78	51	118	90	70	81	24	77	94	151	142	10	156	134	131	44	104	ENSG00000115091.11	ACTR3
chr2:113934387-113939958	N_w	197	287	365	327	165	296	161	423	188	390	68	355	318	153	244	199	192	209	103	183	263	152	251	337	211	168	75	277	214	426	366	42	383	286	333	144	227	ENSG00000115091.11	ACTR3
chr2:113940103-113942185	N_w	286	352	375	356	177	366	177	494	220	435	67	519	453	177	278	263	277	245	137	163	273	126	348	361	237	268	88	271	250	470	528	49	433	417	436	118	271	ENSG00000115091.11	ACTR3
chr2:113942360-113951478	N_w	309	361	418	502	251	435	279	604	223	432	89	279	419	276	431	346	359	299	221	288	345	223	443	413	280	264	95	323	317	683	567	90	457	538	521	124	264	ENSG00000115091.11	ACTR3
chr2:113951572-113951719	N_w	304	348	310	455	212	335	183	473	235	478	102	444	408	151	315	276	284	215	198	249	251	138	331	305	209	283	112	221	272	496	470	68	482	389	415	134	276	ENSG00000115091.11	ACTR3
chr2:113951846-113955622	N_w	353	495	444	651	330	404	295	632	504	983	92	486	540	209	481	298	321	322	215	344	303	191	369	365	275	435	121	282	440	673	577	106	1041	497	560	143	459	ENSG00000115091.11	ACTR3
chr2:113955707-113957359	N_w	323	492	467	572	234	507	251	641	280	701	132	522	536	278	440	347	384	317	220	318	460	258	455	417	225	376	149	293	371	663	531	140	635	505	582	205	385	ENSG00000115091.11	ACTR3
chr12:54497892-54499354	N_w	2	57	66	26	8	22	10	51	16	39	0	37	29	5	26	13	7	7	3	26	13	15	3	43	54	3	7	71	2	19	23	0	13	8	10	4	9	ENSG00000123338.12	NCKAP1L
chr12:54499466-54500532	N_w	4	71	101	27	5	23	14	57	11	43	2	51	29	9	32	29	9	8	4	26	19	25	15	61	65	4	14	66	1	33	36	1	7	10	11	10	9	ENSG00000123338.12	NCKAP1L
chr12:54500626-54507852	N_w	0	54	54	14	0	20	13	29	5	15	1	24	30	11	26	17	6	8	0	16	11	7	11	34	46	1	4	61	0	26	26	2	4	7	5	7	9	ENSG00000123338.12	NCKAP1L
chr12:54507910-54508388	N_w	4	28	53	25	5	20	7	39	5	22	1	24	13	5	26	15	3	10	5	14	11	16	10	44	34	1	7	54	1	27	18	1	10	2	7	5	6	ENSG00000123338.12	NCKAP1L
chr12:54508532-54509668	N_w	1	34	59	11	4	15	9	31	4	10	0	23	13	8	19	20	2	8	3	13	12	16	2	43	38	1	4	37	0	17	17	3	5	4	4	1	4	ENSG00000123338.12	NCKAP1L
chr12:54509760-54509847	N_w	4	32	45	9	3	6	9	22	3	9	0	13	7	4	18	11	2	4	1	12	9	5	2	28	25	4	5	31	1	19	16	1	3	1	1	1	11	ENSG00000123338.12	NCKAP1L
chr12:54509986-54510348	N_w	0	0	0	0	0	0	0	0	0	0	0	0	0	0	0	0	0	0	0	0	0	0	0	3	3	0	0	3	0	0	1	0	0	0	0	0	0	ENSG00000123338.12	NCKAP1L
chr12:54509986-54511802	N_w	1	40	61	20	10	18	7	37	5	19	1	24	20	9	21	17	1	6	1	15	9	6	5	35	31	1	5	23	0	26	20	0	5	3	10	5	9	ENSG00000123338.12	NCKAP1L
chr12:54511852-54511948	N_w	8	53	55	21	2	16	13	38	10	22	0	28	22	6	37	25	2	8	1	24	14	18	7	43	27	4	8	43	0	21	27	1	6	3	7	6	12	ENSG00000123338.12	NCKAP1L
chr12:54512106-54516238	N_w	7	62	44	32	14	24	11	38	7	28	0	48	17	10	35	32	5	10	3	30	14	19	9	42	34	4	11	59	2	30	44	3	13	8	10	10	15	ENSG00000123338.12	NCKAP1L
chr12:54516296-54516895	N_w	6	46	59	19	4	15	4	34	1	30	0	44	18	5	21	21	4	14	4	10	9	16	8	48	46	1	10	40	0	21	29	3	10	6	4	3	9	ENSG00000123338.12	NCKAP1L
chr12:54516993-54517532	N_w	4	54	50	18	8	16	5	43	5	13	0	39	13	8	23	21	3	8	3	17	10	17	2	43	64	3	12	31	1	21	29	2	5	2	2	3	9	ENSG00000123338.12	NCKAP1L
chr12:54517643-54517805	N_w	11	42	76	26	9	26	13	54	7	33	1	44	20	11	55	27	11	9	12	28	13	28	5	64	63	7	11	73	0	40	34	2	8	9	11	6	14	ENSG00000123338.12	NCKAP1L
chr12:54517939-54518650	N_w	0	56	60	17	3	20	13	46	5	36	1	35	15	9	20	25	9	8	13	18	9	30	11	57	49	4	6	45	0	51	29	2	9	10	5	7	9	ENSG00000123338.12	NCKAP1L
chr12:54518733-54518913	N_w	4	36	50	18	5	14	10	37	4	28	0	21	19	14	28	19	7	10	2	17	13	19	6	38	40	5	6	31	0	37	19	3	4	5	3	7	11	ENSG00000123338.12	NCKAP1L
chr12:54518733-54518943	N_w	0	1	0	1	0	0	0	2	1	0	0	1	0	0	2	0	0	0	0	0	0	2	0	3	0	0	0	1	0	1	1	0	1	1	1	0	1	ENSG00000123338.12	NCKAP1L
chr12:54518973-54519186	N_w	3	37	64	25	9	25	15	53	7	34	1	42	23	10	31	16	3	6	7	15	15	27	8	41	35	3	4	55	1	33	24	3	10	4	9	2	14	ENSG00000123338.12	NCKAP1L
chr12:54519333-54520693	N_w	1	40	89	29	7	14	13	43	7	27	0	33	24	11	31	15	9	11	7	16	11	37	5	65	54	3	12	44	1	29	32	2	10	3	7	6	14	ENSG00000123338.12	NCKAP1L
chr12:54520827-54521118	N_w	2	51	58	27	4	16	11	45	12	30	3	36	24	17	42	20	3	6	8	20	15	29	5	62	72	4	15	48	1	46	33	8	11	9	8	7	15	ENSG00000123338.12	NCKAP1L
chr12:54521239-54523393	N_w	10	58	100	24	6	36	10	44	7	51	1	45	23	22	42	19	5	5	11	17	27	39	11	83	69	8	21	67	2	46	23	7	14	8	19	7	20	ENSG00000123338.12	NCKAP1L
chr12:54523540-54523824	N_w	13	106	147	45	11	51	24	98	27	93	2	59	42	28	63	43	12	16	23	16	24	69	22	109	135	10	26	113	2	67	50	9	21	13	23	22	29	ENSG00000123338.12	NCKAP1L
chr12:54523957-54526527	N_w	4	41	67	21	7	28	14	46	13	45	0	27	25	9	45	28	6	9	9	12	17	51	10	74	57	7	18	64	2	32	15	6	13	4	14	11	18	ENSG00000123338.12	NCKAP1L
chr12:54526747-54528246	N_w	6	61	90	43	8	25	17	69	19	80	4	39	52	14	58	32	10	11	19	25	15	46	16	72	92	13	31	66	2	69	27	5	19	9	15	15	27	ENSG00000123338.12	NCKAP1L
chr12:54526747-54531259	N_w	0	0	0	1	0	1	1	0	0	1	0	0	0	0	0	0	0	0	0	1	0	0	0	1	2	0	0	2	0	0	0	0	0	0	0	0	0	ENSG00000123338.12	NCKAP1L
chr12:54528378-54531259	N_w	7	74	118	38	10	35	24	81	14	72	4	62	37	18	62	40	14	15	24	22	30	80	23	75	95	23	51	95	2	80	43	11	31	14	27	21	26	ENSG00000123338.12	NCKAP1L
chr12:54531358-54531490	N_w	6	65	63	28	9	26	16	58	13	48	5	27	25	16	54	26	11	15	8	11	13	62	11	69	92	7	24	58	2	63	17	8	18	10	9	7	14	ENSG00000123338.12	NCKAP1L
chr12:54531358-54531493	N_w	0	0	2	0	0	0	0	0	0	0	0	2	1	0	0	0	0	1	0	0	1	1	0	3	0	0	0	0	0	2	0	0	0	0	0	2	0	ENSG00000123338.12	NCKAP1L
chr12:54531585-54531742	N_w	8	51	83	34	8	24	17	51	22	48	2	33	35	25	47	29	11	12	9	12	22	55	18	88	113	15	21	70	3	50	36	3	31	9	11	21	19	ENSG00000123338.12	NCKAP1L
chr12:54531826-54532169	N_w	4	31	42	17	5	35	16	47	6	29	3	16	18	16	38	23	8	13	6	9	19	47	7	45	70	11	10	54	7	48	16	3	15	4	20	5	16	ENSG00000123338.12	NCKAP1L
chr12:54532251-54535103	N_w	9	58	95	30	8	28	13	66	16	69	6	36	26	20	41	42	14	10	19	7	25	52	23	66	88	14	33	72	4	74	33	5	11	9	14	21	21	ENSG00000123338.12	NCKAP1L
chr12:54535198-54536128	N_w	8	50	63	23	3	34	20	49	10	58	4	25	24	23	43	25	10	9	14	15	12	60	13	58	82	13	21	54	5	70	20	10	17	5	27	23	20	ENSG00000123338.12	NCKAP1L
chr12:54536246-54536943	N_w	2	37	45	35	12	27	24	42	29	61	3	13	19	24	28	13	9	17	21	15	16	42	14	36	55	11	18	39	4	58	13	11	19	11	19	16	15	ENSG00000123338.12	NCKAP1L
chr12:54537054-54538883	N_w	9	56	95	43	12	34	29	48	15	64	1	20	31	41	56	35	15	13	25	22	27	98	28	63	95	11	24	56	9	85	22	16	27	9	35	29	29	ENSG00000123338.12	NCKAP1L
chr12:54538974-54542574	N_w	6	109	86	47	19	42	42	83	20	94	22	54	42	44	62	47	26	22	39	37	28	106	40	79	124	26	33	82	11	99	37	26	26	17	46	28	48	ENSG00000123338.12	NCKAP1L
chr7:99374579-99385701	N_w	2	0	1	1	0	0	0	1	2	0	0	3	2	1	0	2	0	0	0	2	0	1	1	0	3	2	1	1	1	0	2	0	1	1	0	0	0	ENSG00000130429.12	ARPC1B
chr7:99374782-99376432	N_w	0	1	3	2	0	0	2	1	0	0	1	2	1	0	0	0	0	0	1	0	3	0	1	2	2	0	0	0	1	0	0	0	0	0	0	3	0	ENSG00000130429.12	ARPC1B
chr7:99374782-99376443	N_w	0	0	1	0	2	1	0	2	1	0	1	0	3	3	0	1	1	1	0	0	1	1	0	0	3	1	0	0	0	3	0	0	0	0	0	1	0	ENSG00000130429.12	ARPC1B
chr7:99374782-99377333	N_w	0	0	2	0	0	0	0	0	0	0	0	0	0	2	0	0	0	0	0	0	2	0	1	0	1	0	0	0	2	1	0	0	0	0	1	1	0	ENSG00000130429.12	ARPC1B
chr7:99374782-99377337	N_w	2	18	25	36	9	15	10	25	14	15	36	51	8	19	7	5	2	8	10	7	39	44	18	50	23	17	3	17	21	36	6	7	14	4	8	28	17	ENSG00000130429.12	ARPC1B
chr7:99374782-99377357	N_w	2	8	20	24	7	14	9	9	9	13	28	27	13	22	12	8	6	6	7	5	33	31	12	37	35	9	11	14	27	39	8	8	11	4	5	17	17	ENSG00000130429.12	ARPC1B
chr7:99374782-99385701	N_w	116	344	415	444	197	274	416	392	200	246	327	638	437	460	296	148	202	214	201	242	718	724	622	599	583	500	182	350	613	1155	229	129	278	225	163	290	493	ENSG00000130429.12	ARPC1B
chr7:99374807-99385701	N_w	0	1	1	0	0	0	1	1	0	0	0	2	0	1	2	0	2	0	0	2	0	2	2	1	2	0	0	1	3	1	2	0	0	1	1	0	1	ENSG00000130429.12	ARPC1B
chr7:99376575-99377337	N_w	0	0	0	2	0	1	0	1	0	1	0	1	0	2	1	0	0	1	5	2	3	1	1	1	0	3	0	0	1	4	0	2	0	1	1	4	2	ENSG00000130429.12	ARPC1B
chr7:99377440-99385701	N_w	9	8	9	12	4	16	4	3	8	8	12	15	4	14	3	3	0	2	7	3	20	34	8	15	9	6	1	12	8	13	2	6	6	0	6	8	9	ENSG00000130429.12	ARPC1B
chr7:99377456-99385701	N_w	6	16	31	18	5	15	12	10	9	12	28	23	11	17	4	2	5	8	13	10	29	36	21	37	24	13	5	18	19	21	8	11	7	5	8	21	6	ENSG00000130429.12	ARPC1B
chr7:99385779-99386684	N_w	103	514	368	625	236	422	521	465	223	391	395	632	431	405	227	203	246	288	233	299	731	548	724	461	413	429	148	559	628	828	210	241	279	276	232	293	471	ENSG00000130429.12	ARPC1B
chr7:99386591-99386684	N_w	0	1	3	0	1	0	1	0	0	1	1	0	0	0	0	0	0	0	0	0	1	1	0	5	0	0	0	1	0	0	0	0	0	0	0	4	1	ENSG00000130429.12	ARPC1B
chr7:99386790-99388038	N_w	133	380	231	664	212	364	546	554	335	558	186	818	461	432	365	224	310	272	268	332	698	696	831	561	782	627	209	656	803	1177	324	205	361	343	228	256	537	ENSG00000130429.12	ARPC1B
chr7:99388262-99388654	N_w	0	2	0	0	0	0	1	0	0	0	0	0	1	0	1	0	1	0	0	1	0	0	0	0	1	0	0	1	1	1	0	0	0	0	0	0	0	ENSG00000130429.12	ARPC1B
chr7:99388262-99389904	N_w	80	308	368	418	122	222	339	324	237	387	339	406	271	346	245	121	189	144	192	233	508	621	474	575	529	430	116	288	515	800	246	182	261	205	152	270	367	ENSG00000130429.12	ARPC1B
chr7:99390013-99390892	N_w	123	313	382	498	175	285	382	350	259	505	419	371	349	414	265	138	198	164	195	242	587	680	478	549	573	454	178	387	598	854	201	241	280	207	156	362	394	ENSG00000130429.12	ARPC1B
chr7:99391050-99391177	N_w	0	0	1	0	0	2	0	1	0	2	0	1	0	0	1	0	1	0	0	0	1	6	1	0	6	0	0	0	0	6	0	0	1	0	2	0	0	ENSG00000130429.12	ARPC1B
chr7:99391100-99391177	N_w	114	358	513	466	150	379	413	367	280	533	426	471	401	651	324	162	233	186	291	287	709	1082	598	704	720	633	167	457	766	1068	233	389	317	209	223	379	499	ENSG00000130429.12	ARPC1B
chr7:99391254-99392670	N_w	80	253	397	440	130	357	316	284	118	188	359	349	281	536	315	142	214	161	269	214	602	1036	638	600	689	551	187	425	733	1086	205	401	158	141	159	422	358	ENSG00000130429.12	ARPC1B
chr7:99392877-99394028	N_w	133	557	581	811	217	553	544	463	282	540	743	548	474	912	371	215	301	247	318	377	1031	1324	824	944	1037	932	330	571	1030	1496	328	587	416	291	238	673	552	ENSG00000130429.12	ARPC1B
chr7:99392877-99394032	N_w	0	6	6	10	0	3	3	4	1	7	9	4	7	4	4	1	4	0	1	2	11	17	7	13	11	13	1	2	12	15	3	11	6	1	3	7	8	ENSG00000130429.12	ARPC1B
chr7:99394120-99394450	N_w	84	432	401	644	187	397	502	448	183	375	517	446	379	694	291	208	303	202	222	304	696	857	660	567	597	730	197	455	758	1153	266	462	264	284	310	387	453	ENSG00000130429.12	ARPC1B
chr13:26557820-26612960	N_w	2	0	0	4	2	2	0	0	2	2	0	0	0	0	0	2	0	0	0	4	0	0	0	8	7	0	0	4	0	0	7	0	4	2	3	0	0	ENSG00000132970.12	WASF3
chr13:26613059-26642260	N_w	3	3	10	20	5	6	3	6	7	5	0	4	5	2	2	3	0	1	1	11	1	1	5	5	16	7	0	16	0	0	15	0	9	9	4	0	1	ENSG00000132970.12	WASF3
chr13:26642404-26665027	N_w	6	1	9	24	4	8	3	10	8	2	0	5	9	1	1	0	0	0	4	14	2	5	0	6	16	4	0	14	0	2	20	0	5	7	13	2	0	ENSG00000132970.12	WASF3
chr13:26665163-26667516	N_w	1	1	4	25	5	7	0	2	3	3	0	2	7	0	1	1	3	4	0	8	2	4	0	8	7	1	1	12	1	3	14	0	10	6	11	1	2	ENSG00000132970.12	WASF3
chr13:26667671-26671871	N_w	18	5	18	39	13	9	1	9	10	3	1	4	11	2	0	0	2	4	2	10	4	4	1	8	13	2	1	16	0	3	23	0	5	5	13	2	4	ENSG00000132970.12	WASF3
chr13:26671990-26676548	N_w	6	0	6	16	5	10	1	6	5	0	0	0	0	1	0	1	1	2	2	9	5	7	1	5	3	6	4	13	0	0	18	0	4	1	11	2	1	ENSG00000132970.12	WASF3
chr13:26671990-26680034	N_w	0	2	3	0	2	4	1	7	3	1	0	3	11	0	1	5	0	3	2	0	2	0	4	4	7	0	0	15	1	1	14	0	3	6	2	0	4	ENSG00000132970.12	WASF3
chr13:26671990-26681053	N_w	0	0	0	0	0	0	0	0	1	0	0	0	1	0	0	0	0	0	0	8	0	0	0	0	0	1	0	0	0	0	0	0	0	1	0	0	0	ENSG00000132970.12	WASF3
chr13:26676725-26680034	N_w	0	0	1	0	0	2	0	3	0	0	0	0	2	0	0	0	0	1	0	0	0	0	0	0	0	0	0	0	0	0	4	0	0	0	0	1	0	ENSG00000132970.12	WASF3
chr13:26676725-26681053	N_w	4	1	6	15	3	2	1	0	2	2	0	0	1	1	0	0	0	2	1	13	2	3	0	2	2	2	1	2	0	0	6	0	6	2	9	0	0	ENSG00000132970.12	WASF3
chr13:26680202-26681053	N_w	1	2	6	3	0	8	1	7	5	8	0	3	7	0	1	2	0	5	0	3	0	0	3	7	16	0	0	14	2	2	14	0	6	0	5	1	4	ENSG00000132970.12	WASF3
chr13:26681321-26682606	N_w	4	2	14	15	2	7	3	8	7	7	0	0	4	2	2	0	0	2	0	5	5	3	3	8	13	3	0	14	0	0	11	1	7	1	8	5	4	ENSG00000132970.12	WASF3
chr13:26682975-26685687	N_w	3	2	6	16	6	3	1	2	6	10	0	2	6	3	0	0	2	2	0	10	4	2	1	15	9	5	6	8	0	0	12	0	3	3	8	2	1	ENSG00000132970.12	WASF3
chr7:152759927-152783186	N_w	6	1	0	1	0	3	6	3	11	2	0	10	2	0	1	2	4	2	4	8	4	5	6	5	3	0	1	4	11	3	1	0	4	2	1	3	0	ENSG00000133627.17	ACTR3B
chr7:152759927-152800530	N_w	1	2	3	1	0	3	2	3	2	0	1	0	3	0	3	0	2	1	0	2	2	3	1	0	0	0	0	5	1	1	2	0	4	3	1	1	0	ENSG00000133627.17	ACTR3B
chr7:152783243-152800530	N_w	8	5	5	1	6	6	18	18	22	4	4	12	9	1	7	7	11	9	7	25	2	4	8	11	8	1	5	4	18	11	8	3	5	10	4	6	5	ENSG00000133627.17	ACTR3B
chr7:152783243-152801620	N_w	1	0	0	0	1	0	0	1	1	0	0	0	0	0	0	0	1	0	0	2	0	0	4	1	0	1	0	4	1	0	0	0	0	0	0	0	0	ENSG00000133627.17	ACTR3B
chr7:152800656-152801620	N_w	27	11	17	13	21	9	44	26	32	9	6	26	26	11	16	12	27	20	6	50	16	8	31	17	19	18	5	33	30	33	15	7	25	21	18	14	11	ENSG00000133627.17	ACTR3B
chr7:152801732-152811696	N_w	2	0	1	1	0	2	3	3	0	2	0	0	1	0	0	5	2	1	1	0	0	1	1	3	2	0	0	0	0	0	4	0	0	0	3	0	0	ENSG00000133627.17	ACTR3B
chr7:152801732-152814549	N_w	13	5	9	7	20	9	22	16	36	11	4	21	27	7	21	18	28	18	11	37	13	9	19	13	18	10	6	23	20	31	13	9	15	24	12	6	9	ENSG00000133627.17	ACTR3B
chr7:152811734-152814549	N_w	0	0	0	1	1	3	2	3	1	0	1	2	0	1	1	2	10	1	0	4	0	0	0	6	3	0	0	0	3	1	3	1	4	2	0	0	1	ENSG00000133627.17	ACTR3B
chr7:152814646-152816480	N_w	21	12	16	22	17	11	21	34	24	12	4	26	23	10	14	15	38	11	16	40	10	10	20	17	10	13	7	28	35	32	14	6	25	30	19	8	19	ENSG00000133627.17	ACTR3B
chr7:152816589-152820298	N_w	21	11	19	18	27	13	39	30	46	13	9	25	27	16	22	19	44	19	11	36	28	19	21	37	23	30	3	29	36	27	31	15	22	27	19	20	12	ENSG00000133627.17	ACTR3B
chr7:152816589-152820302	N_w	0	0	0	0	0	0	0	0	0	1	0	1	0	0	0	0	0	0	0	1	0	0	0	1	0	1	0	2	0	1	0	2	0	0	0	0	1	ENSG00000133627.17	ACTR3B
chr7:152820348-152823341	N_w	0	0	1	0	2	1	3	1	3	0	0	3	3	1	0	0	5	3	1	2	1	0	4	1	8	3	0	4	2	1	6	0	1	2	1	1	1	ENSG00000133627.17	ACTR3B
chr7:152820443-152823341	N_w	30	14	14	18	25	10	38	29	32	25	6	32	25	10	20	12	38	16	18	31	15	14	25	21	22	18	5	11	58	34	27	11	32	38	25	12	21	ENSG00000133627.17	ACTR3B
chr7:152823516-152825029	N_w	30	12	17	22	21	11	39	34	54	18	8	28	39	15	24	18	51	23	16	33	19	29	48	34	20	34	5	25	65	57	17	20	41	25	18	18	21	ENSG00000133627.17	ACTR3B
chr7:152825123-152842483	N_w	6	0	2	1	0	3	0	0	3	2	1	2	0	0	1	1	5	1	1	3	0	0	1	1	0	1	1	0	2	3	0	0	2	0	0	0	0	ENSG00000133627.17	ACTR3B
chr7:152825123-152852125	N_w	8	5	12	4	18	9	26	22	47	13	7	18	17	12	16	19	36	18	12	23	19	18	17	23	14	33	8	24	38	29	10	25	16	18	14	14	14	ENSG00000133627.17	ACTR3B
chr7:152825123-152854457	N_w	1	0	2	3	0	0	2	0	0	0	0	2	1	0	5	2	0	0	0	0	0	3	3	0	0	1	0	1	4	0	0	1	2	0	0	0	1	ENSG00000133627.17	ACTR3B
chr7:152852252-152853493	N_w	36	3	117	8	7	64	14	13	17	8	12	8	10	17	8	9	13	6	9	22	11	12	8	206	17	19	7	17	31	30	6	23	16	9	10	15	6	ENSG00000133627.17	ACTR3B
chr7:152853578-152854457	N_w	72	5	149	6	29	115	32	23	23	11	11	18	21	17	14	10	39	19	20	20	14	19	31	243	21	41	6	18	71	34	13	31	17	32	10	17	11	ENSG00000133627.17	ACTR3B
chr6:138424817-138429710	N_w	15	23	8	7	4	12	11	15	21	15	2	20	28	7	20	2	3	4	3	9	3	7	14	14	8	7	7	7	13	3	17	3	26	13	2	3	13	ENSG00000135540.11	NHSL1
chr6:138429844-138430392	N_w	9	14	17	10	1	13	11	8	10	14	1	15	30	7	11	3	4	5	0	8	5	6	11	28	14	8	3	5	5	10	9	1	30	3	3	0	13	ENSG00000135540.11	NHSL1
chr6:138433681-138441982	N_w	3	5	2	3	2	1	3	2	1	2	0	9	7	0	3	1	1	3	0	9	1	0	1	0	0	0	0	4	2	1	4	0	8	0	0	0	0	ENSG00000135540.11	NHSL1
chr6:138433681-138447000	N_w	0	6	3	0	0	4	1	1	4	2	0	2	8	1	0	0	1	2	0	3	1	0	2	1	1	2	0	5	0	1	6	0	3	0	0	0	0	ENSG00000135540.11	NHSL1
chr6:138442115-138447000	N_w	5	5	2	1	0	0	1	1	1	0	0	8	5	0	3	0	3	1	1	0	0	4	0	2	0	1	1	1	2	0	2	0	4	0	0	0	3	ENSG00000135540.11	NHSL1
chr6:138447194-138473305	N_w	3	5	2	3	2	3	2	9	7	0	0	11	8	3	7	1	1	1	0	7	0	0	9	2	2	1	0	8	5	1	10	0	8	2	0	0	3	ENSG00000135540.11	NHSL1
chr6:138473434-138496218	N_w	9	7	2	4	0	4	1	3	5	3	0	7	12	3	9	0	0	3	0	1	2	1	7	6	2	1	0	7	4	2	9	0	11	6	3	0	2	ENSG00000135540.11	NHSL1
chr6:138496372-138545622	N_w	0	1	0	0	4	0	1	0	4	2	0	0	1	0	0	0	0	0	0	2	0	1	3	0	1	0	0	3	0	0	10	0	2	2	0	0	0	ENSG00000135540.11	NHSL1
chr6:138496372-138571709	N_w	3	4	0	0	0	2	0	0	2	0	0	2	4	0	2	0	0	0	0	0	0	0	0	0	0	0	0	0	0	0	0	0	0	0	0	0	0	ENSG00000135540.11	NHSL1
chr6:138496372-138692475	N_w	3	0	0	0	0	5	0	0	0	0	0	5	6	0	0	0	0	0	0	0	0	0	3	0	0	0	0	0	0	0	0	0	3	0	0	0	0	ENSG00000135540.11	NHSL1
chr10:26748746-26751597	N_w	61	78	82	133	100	102	56	169	123	132	25	49	144	74	111	54	86	70	52	97	61	59	80	109	56	136	34	94	106	146	92	23	114	100	77	47	125	ENSG00000136754.16	ABI1
chr10:26751784-26755654	N_w	24	34	23	71	41	45	19	75	91	63	6	111	66	48	45	31	38	55	15	37	57	25	32	82	48	63	21	80	39	32	81	6	39	77	63	11	50	ENSG00000136754.16	ABI1
chr10:26751784-26759061	N_w	34	60	89	43	35	51	24	96	77	39	15	48	66	15	54	21	72	39	31	34	34	29	35	51	36	60	12	63	66	76	44	11	67	28	26	34	62	ENSG00000136754.16	ABI1
chr10:26751784-26765217	N_w	27	24	53	34	20	14	28	32	3	17	6	21	56	10	33	18	3	3	6	23	26	31	8	50	16	59	2	21	22	42	14	0	19	7	26	12	63	ENSG00000136754.16	ABI1
chr10:26755742-26759061	N_w	20	41	30	60	33	50	20	82	70	49	4	95	41	47	40	25	42	50	14	38	33	16	33	31	37	45	14	52	41	30	74	13	32	79	87	9	26	ENSG00000136754.16	ABI1
chr10:26755742-26765217	N_w	5	2	1	6	3	3	4	2	2	1	0	7	7	1	5	1	1	3	1	0	11	7	4	25	0	9	0	1	3	1	7	0	1	3	2	1	11	ENSG00000136754.16	ABI1
chr10:26759236-26765217	N_w	16	32	24	36	31	26	10	48	32	24	6	38	39	11	28	12	30	25	13	24	21	6	28	28	24	24	6	35	32	16	27	2	24	41	19	12	22	ENSG00000136754.16	ABI1
chr10:26759239-26765217	N_w	29	70	68	79	66	109	39	87	88	51	7	77	122	35	73	43	80	68	32	63	49	24	47	56	52	71	10	130	80	53	80	13	87	83	70	27	56	ENSG00000136754.16	ABI1
chr10:26765319-26768851	N_w	112	159	181	187	165	148	92	259	226	163	36	226	259	80	162	95	123	98	73	180	130	66	135	194	111	243	46	191	133	188	216	23	202	210	143	77	225	ENSG00000136754.16	ABI1
chr10:26765319-26770244	N_w	0	1	0	5	1	0	0	3	2	0	0	1	1	0	1	1	1	0	1	0	0	2	0	0	0	1	0	1	0	1	0	0	5	0	0	0	0	ENSG00000136754.16	ABI1
chr10:26768993-26770244	N_w	75	126	149	174	132	121	101	208	182	139	24	182	233	60	113	65	103	117	50	133	100	69	90	166	95	167	32	168	108	116	158	14	146	165	118	79	198	ENSG00000136754.16	ABI1
chr10:26770346-26771074	N_w	0	6	9	22	3	7	2	11	11	11	1	2	22	6	4	0	4	5	0	1	3	5	4	4	9	6	5	12	1	9	7	0	10	3	7	4	1	ENSG00000136754.16	ABI1
chr10:26770346-26777064	N_w	40	43	72	19	70	76	51	103	59	29	6	83	104	24	45	30	58	78	15	58	52	17	55	62	30	58	5	65	62	66	37	6	63	75	44	22	114	ENSG00000136754.16	ABI1
chr10:26771090-26777064	N_w	0	4	3	22	2	3	0	10	8	8	1	5	10	3	6	0	0	0	0	3	1	0	0	2	5	0	0	4	0	0	8	0	5	5	7	3	0	ENSG00000136754.16	ABI1
chr10:26777242-26787127	N_w	0	0	0	0	0	1	0	1	0	2	0	1	0	0	0	0	0	1	0	0	0	0	0	1	0	0	0	1	1	0	1	0	0	1	1	0	0	ENSG00000136754.16	ABI1
chr10:26777242-26823137	N_w	81	105	97	151	114	93	67	223	120	97	19	122	212	42	81	61	86	92	26	140	97	37	106	98	76	118	23	154	86	87	141	7	119	131	81	55	117	ENSG00000136754.16	ABI1
chr10:26823306-26835314	N_w	0	1	1	1	0	1	0	2	3	1	0	3	0	0	0	0	0	1	0	4	1	0	0	0	1	1	1	3	1	0	2	0	1	1	2	0	0	ENSG00000136754.16	ABI1
chr10:26823306-26860746	N_w	67	128	134	159	127	98	91	205	203	136	11	135	217	36	108	62	84	100	29	187	94	27	72	110	83	141	15	135	78	112	146	4	140	131	105	44	179	ENSG00000136754.16	ABI1
chr10:26835408-26860746	N_w	0	2	0	3	1	0	3	3	3	1	0	0	2	0	0	0	0	0	0	2	1	0	0	1	0	0	0	1	1	0	0	0	0	2	0	0	0	ENSG00000136754.16	ABI1
chr2:65227958-65239851	N_w	110	408	391	227	218	377	172	392	385	307	28	584	405	62	129	149	79	278	69	276	303	93	156	203	227	121	38	358	163	153	275	24	265	250	258	112	390	ENSG00000138071.13	ACTR2
chr2:65239963-65246504	N_w	0	2	0	0	0	1	0	1	1	0	0	0	1	0	0	0	0	1	0	0	0	0	0	1	0	0	0	0	1	0	3	0	0	1	4	0	0	ENSG00000138071.13	ACTR2
chr2:65239963-65246523	N_w	2	5	1	3	3	3	1	4	2	1	0	6	4	0	3	0	3	4	0	2	4	2	1	5	0	2	0	2	0	4	2	0	0	6	3	2	5	ENSG00000138071.13	ACTR2
chr2:65246740-65251026	N_w	131	408	307	247	225	259	182	481	350	354	25	497	385	60	164	164	125	274	95	299	237	79	197	206	158	140	40	284	168	181	350	17	230	390	366	52	399	ENSG00000138071.13	ACTR2
chr2:65251100-65253727	N_w	180	356	343	275	198	250	127	451	348	261	19	377	388	64	172	150	106	256	94	234	287	124	198	199	188	124	35	287	157	179	401	19	261	312	277	62	464	ENSG00000138071.13	ACTR2
chr2:65253865-65255544	N_w	129	321	215	218	179	218	106	357	229	178	11	325	317	49	134	123	96	264	77	227	229	64	174	144	127	98	37	279	165	150	321	7	145	271	284	49	364	ENSG00000138071.13	ACTR2
chr2:65255695-65261246	N_w	170	360	289	265	191	248	119	437	350	301	20	347	336	58	186	161	83	200	119	287	202	97	203	135	159	144	38	239	152	171	359	20	189	340	278	67	348	ENSG00000138071.13	ACTR2
chr2:65255695-65265042	N_w	1	2	1	0	1	1	2	0	0	0	0	3	0	0	1	1	1	1	0	0	2	0	0	0	0	0	0	0	1	2	1	0	0	1	4	0	0	ENSG00000138071.13	ACTR2
chr2:65261393-65265042	N_w	134	286	218	252	226	230	133	434	289	243	25	274	348	34	148	116	116	242	99	259	143	87	172	117	124	152	25	191	146	157	277	25	222	273	252	79	362	ENSG00000138071.13	ACTR2
chr2:65265176-65268563	N_w	183	401	330	395	227	362	145	529	600	528	38	451	404	97	236	207	165	278	137	345	312	131	253	213	215	208	40	335	242	282	418	42	343	424	327	107	565	ENSG00000138071.13	ACTR2
chr2:203328632-203351554	N_w	0	2	0	0	0	2	0	1	2	0	0	0	0	1	0	0	0	0	0	1	0	0	0	0	0	0	0	1	2	1	0	0	0	1	0	1	0	ENSG00000138443.15	ABI2
chr2:203328632-203366876	N_w	56	69	49	33	21	52	28	84	66	30	7	46	71	19	29	15	45	49	19	91	13	7	53	77	36	14	7	65	46	31	69	5	57	74	38	32	28	ENSG00000138443.15	ABI2
chr2:203328632-203366880	N_w	2	3	3	1	3	0	1	2	3	0	0	2	4	0	1	0	3	2	0	5	1	1	3	1	1	0	0	3	2	0	1	0	0	6	1	0	1	ENSG00000138443.15	ABI2
chr2:203328632-203380207	N_w	0	0	0	0	0	0	0	0	0	0	0	0	0	0	0	0	3	0	0	4	0	0	2	2	0	0	0	0	0	2	0	0	2	0	0	0	0	ENSG00000138443.15	ABI2
chr2:203351679-203366876	N_w	0	1	0	0	0	0	0	0	1	1	0	0	1	1	0	0	1	1	0	5	0	0	0	0	0	0	0	0	1	0	0	0	0	0	1	2	0	ENSG00000138443.15	ABI2
chr2:203355325-203366876	N_w	0	0	0	0	1	2	0	1	1	0	0	1	1	0	1	0	0	0	0	0	1	0	1	0	0	0	0	0	2	1	0	0	0	0	1	0	0	ENSG00000138443.15	ABI2
chr2:203367045-203376056	N_w	4	8	1	0	0	4	2	3	6	3	0	3	9	0	4	4	3	0	1	8	2	0	8	7	2	0	3	4	4	4	3	2	3	16	1	1	6	ENSG00000138443.15	ABI2
chr2:203367045-203380207	N_w	54	79	31	23	31	47	29	75	77	39	4	37	54	13	20	17	58	53	10	99	11	8	40	45	36	7	12	45	47	47	68	6	74	93	20	14	29	ENSG00000138443.15	ABI2
chr2:203367131-203380207	N_w	0	0	0	0	3	0	0	2	0	0	0	0	1	0	1	0	0	2	1	0	0	0	0	0	0	0	0	0	1	1	0	0	0	0	0	0	0	ENSG00000138443.15	ABI2
chr2:203376133-203380207	N_w	6	8	0	2	0	3	3	5	4	3	0	7	6	1	2	3	4	4	1	1	2	1	5	6	3	0	1	3	8	0	2	0	4	6	2	1	1	ENSG00000138443.15	ABI2
chr2:203380385-203383242	N_w	0	0	1	2	1	0	1	1	0	0	0	0	2	0	1	0	2	1	0	2	0	0	2	0	1	0	1	3	3	0	0	0	1	0	1	0	0	ENSG00000138443.15	ABI2
chr2:203380385-203383246	N_w	0	1	0	0	0	0	0	1	0	1	0	0	2	0	0	1	0	0	0	0	0	0	0	0	0	0	0	0	1	0	1	0	1	2	0	0	0	ENSG00000138443.15	ABI2
chr2:203380385-203391045	N_w	17	35	17	11	21	31	8	38	32	13	3	29	36	6	12	7	44	35	15	44	8	9	45	27	27	10	3	24	34	24	37	6	31	48	29	14	17	ENSG00000138443.15	ABI2
chr2:203383322-203391045	N_w	0	0	1	2	0	1	0	5	3	1	1	1	0	1	1	0	0	2	0	0	0	0	2	2	1	0	1	0	1	0	0	0	0	0	0	0	0	ENSG00000138443.15	ABI2
chr2:203391144-203394699	N_w	33	69	37	24	30	56	26	71	46	34	5	40	65	17	19	25	55	76	31	80	19	8	96	40	28	12	16	51	78	48	50	9	47	75	55	21	41	ENSG00000138443.15	ABI2
chr2:203391144-203395655	N_w	3	3	2	0	1	3	0	3	3	1	0	2	1	1	0	0	3	0	1	2	1	0	3	5	2	0	0	3	0	2	1	1	3	2	3	1	1	ENSG00000138443.15	ABI2
chr2:203394847-203395655	N_w	41	60	30	24	19	46	14	72	65	28	3	38	59	17	25	16	46	47	19	66	16	10	65	57	32	17	8	52	64	34	62	3	67	67	29	21	27	ENSG00000138443.15	ABI2
chr2:203394847-203395658	N_w	3	6	5	3	3	4	1	8	5	7	0	9	6	1	2	0	6	2	1	6	1	1	9	6	5	0	3	6	5	6	4	2	5	10	0	0	2	ENSG00000138443.15	ABI2
chr2:203394847-203402575	N_w	0	2	2	1	3	2	1	4	3	2	0	3	2	0	0	0	5	2	1	0	0	3	0	0	2	0	1	3	0	0	1	0	0	4	0	0	0	ENSG00000138443.15	ABI2
chr2:203395781-203402575	N_w	36	55	38	31	18	35	8	77	62	37	1	37	60	14	16	18	47	34	15	55	17	10	52	56	22	11	9	50	54	29	49	9	48	48	29	20	29	ENSG00000138443.15	ABI2
chr2:203402735-203403316	N_w	1	1	0	0	0	0	1	0	1	0	2	1	0	0	0	0	0	1	0	3	0	0	0	0	0	0	0	0	0	0	0	0	0	0	0	0	0	ENSG00000138443.15	ABI2
chr2:203402735-203407883	N_w	1	0	0	3	0	0	0	0	1	0	0	0	1	1	0	0	1	0	1	0	0	0	0	1	0	0	0	4	1	0	0	0	1	2	0	2	0	ENSG00000138443.15	ABI2
chr2:203402735-203411284	N_w	28	45	20	29	18	40	18	38	41	34	4	39	58	6	25	11	65	42	21	50	12	16	30	40	21	15	3	27	70	36	27	15	45	42	43	16	30	ENSG00000138443.15	ABI2
chr2:203402735-203416907	N_w	8	37	19	9	12	13	11	35	26	18	1	20	27	5	16	12	26	15	17	41	13	5	28	22	15	3	6	22	31	28	32	4	35	34	18	5	15	ENSG00000138443.15	ABI2
chr2:203402735-203416913	N_w	2	0	0	0	0	0	0	0	0	2	0	0	1	0	1	0	2	1	0	0	0	0	2	3	1	0	0	0	0	3	1	0	1	0	1	0	0	ENSG00000138443.15	ABI2
chr2:203411372-203416907	N_w	22	29	22	17	19	41	15	44	50	34	6	32	37	14	26	26	52	26	26	52	8	10	41	68	31	17	9	23	62	33	36	14	47	39	34	23	20	ENSG00000138443.15	ABI2
chr2:203411372-203416913	N_w	0	1	1	0	0	2	0	4	0	2	0	2	3	0	2	1	2	0	0	5	2	1	3	5	2	1	1	2	3	3	8	1	1	1	4	1	0	ENSG00000138443.15	ABI2
chr2:203417082-203427176	N_w	67	113	58	53	58	76	28	125	94	68	26	48	113	37	38	35	153	61	43	163	26	26	98	95	53	42	34	56	108	89	93	29	89	99	64	42	42	ENSG00000138443.15	ABI2
chr2:203427270-203427495	N_w	2	4	0	1	1	3	1	3	3	4	0	1	3	1	0	0	3	2	1	9	1	0	4	3	3	2	0	2	7	0	5	1	2	3	0	2	0	ENSG00000138443.15	ABI2
chr1:27408347-27409691	N_w	222	106	92	56	64	109	66	110	131	57	5	89	105	34	36	40	45	103	16	90	55	21	68	74	86	43	13	164	39	55	147	4	161	62	45	45	95	ENSG00000158195.10	WASF2
chr1:27410207-27412571	N_w	2	1	0	1	0	2	0	0	0	1	0	0	0	0	0	0	1	3	0	0	1	0	0	0	3	1	0	2	0	0	2	0	1	0	2	0	0	ENSG00000158195.10	WASF2
chr1:27412728-27414832	N_w	194	108	103	81	72	104	77	165	172	61	6	122	124	29	39	39	50	126	11	151	59	21	69	71	90	37	18	135	35	52	185	4	157	62	53	19	100	ENSG00000158195.10	WASF2
chr1:27414964-27415984	N_w	107	61	39	52	59	76	83	166	97	39	2	93	107	21	40	38	58	106	16	112	32	9	72	36	32	28	4	83	17	41	135	2	87	74	48	12	84	ENSG00000158195.10	WASF2
chr1:27416103-27418268	N_w	328	164	122	105	169	142	167	339	240	66	15	275	238	42	77	74	67	168	28	220	105	32	161	81	150	91	24	228	56	106	337	5	286	154	101	67	152	ENSG00000158195.10	WASF2
chr1:27418423-27418953	N_w	130	44	46	52	64	60	65	103	92	36	3	105	90	14	29	34	19	81	9	103	23	7	56	41	43	22	10	74	19	25	124	2	101	49	35	22	50	ENSG00000158195.10	WASF2
chr1:27419089-27428760	N_w	0	3	1	2	0	0	0	0	4	0	0	1	1	0	0	0	0	0	0	1	1	0	1	0	0	0	0	0	0	0	1	0	0	0	0	0	1	ENSG00000158195.10	WASF2
chr1:27428934-27489985	N_w	36	31	34	17	19	48	31	34	25	9	2	40	25	4	7	10	13	45	0	34	23	6	13	18	35	2	4	80	9	7	35	0	32	5	4	10	18	ENSG00000158195.10	WASF2
chr1:32742190-32767786	N_w	32	17	20	19	54	14	42	48	57	10	2	38	44	8	28	29	16	57	4	42	27	3	16	5	23	11	5	60	21	31	33	2	44	16	20	25	34	ENSG00000162522.10	KIAA1522
chr1:32744539-32767786	N_w	0	0	0	0	1	1	2	0	0	0	0	3	0	0	1	0	0	0	1	0	0	0	0	1	0	0	0	1	0	0	0	0	1	0	0	3	0	ENSG00000162522.10	KIAA1522
chr1:32754181-32767786	N_w	28	23	54	25	49	31	36	40	25	10	4	22	24	9	11	18	10	81	10	49	21	10	20	25	41	11	7	125	6	31	35	6	18	13	1	33	32	ENSG00000162522.10	KIAA1522
chr1:32767958-32768061	N_w	106	96	94	66	136	61	85	165	185	40	11	122	144	34	57	59	23	233	28	152	98	26	64	51	81	43	22	319	41	113	163	11	114	61	33	64	152	ENSG00000162522.10	KIAA1522
chr1:32767958-32768651	N_w	0	0	1	1	2	3	1	0	0	0	0	0	2	1	0	3	0	1	0	1	0	0	3	0	1	0	0	1	1	0	2	0	5	0	0	0	0	ENSG00000162522.10	KIAA1522
chr1:32768118-32768594	N_w	2	3	6	1	0	0	2	0	1	0	0	1	1	0	0	1	0	2	0	4	1	0	0	1	1	0	0	4	0	0	0	2	1	1	0	0	0	ENSG00000162522.10	KIAA1522
chr1:32768118-32768651	N_w	117	109	156	96	204	121	128	184	197	48	11	155	182	33	58	87	43	249	30	214	96	31	106	61	93	55	32	445	71	124	157	22	142	71	29	85	226	ENSG00000162522.10	KIAA1522
chr1:32768776-32769672	N_w	109	80	81	73	113	80	80	126	111	21	6	104	133	21	45	74	31	227	25	127	70	27	76	36	66	44	9	290	38	88	112	8	56	52	28	48	112	ENSG00000162522.10	KIAA1522
chr1:32769787-32769879	N_w	102	73	95	60	133	80	74	113	126	30	9	94	155	23	62	53	27	161	21	190	60	22	67	43	100	58	16	273	43	114	116	8	85	44	23	52	130	ENSG00000162522.10	KIAA1522
chr1:32770111-32770220	N_w	3	3	5	4	7	3	3	1	6	0	0	9	7	1	5	4	0	9	3	5	0	15	0	7	2	4	1	14	3	12	5	0	10	6	0	6	20	ENSG00000162522.10	KIAA1522
chr1:32772442-32772864	N_w	196	126	150	140	234	132	149	206	273	91	35	170	226	73	70	154	125	340	80	226	178	79	133	75	123	165	80	423	145	175	185	57	210	118	71	146	216	ENSG00000162522.10	KIAA1522
chr1:183623451-183630460	N_w	0	0	0	0	0	1	3	0	0	0	0	0	0	0	0	0	0	1	0	0	3	0	0	0	0	0	1	0	1	0	0	0	0	0	0	0	0	ENSG00000162704.15	ARPC5
chr1:183627595-183630460	N_w	241	341	391	376	278	441	268	572	522	463	138	421	525	279	418	272	310	326	227	411	298	298	243	422	279	401	125	284	400	549	382	261	546	535	428	199	959	ENSG00000162704.15	ARPC5
chr1:183630638-183633081	N_w	225	356	414	301	246	503	291	494	426	379	121	482	514	205	358	235	267	303	169	400	311	272	189	413	276	356	95	390	347	461	304	212	439	473	313	167	828	ENSG00000162704.15	ARPC5
chr2:218217255-218217462	N_w	64	158	743	90	133	368	143	252	211	222	125	158	230	350	217	148	109	126	83	158	539	349	168	728	526	68	189	289	114	353	137	158	200	107	163	178	127	ENSG00000163466.15	ARPC2
chr2:218217255-218225919	N_w	1	1	1	1	1	5	2	5	6	0	0	5	5	7	6	1	2	1	3	3	0	4	10	10	4	0	5	1	2	5	1	3	5	2	2	2	5	ENSG00000163466.15	ARPC2
chr2:218217545-218225919	N_w	123	275	580	171	157	392	145	334	245	339	118	232	290	240	212	142	147	177	104	184	420	302	263	566	456	145	168	321	141	390	224	166	279	145	220	165	160	ENSG00000163466.15	ARPC2
chr2:218225955-218226995	N_w	0	1	1	0	0	0	0	1	1	0	0	0	0	1	0	1	0	0	0	0	2	0	1	2	0	1	0	0	0	0	0	1	1	0	0	0	0	ENSG00000163466.15	ARPC2
chr2:218225955-218228737	N_w	272	699	615	514	317	572	375	784	678	796	135	448	687	366	436	342	432	419	226	418	603	330	567	641	507	327	204	445	385	740	571	173	703	456	612	183	411	ENSG00000163466.15	ARPC2
chr2:218228797-218239390	N_w	0	0	0	1	0	0	0	2	2	0	0	0	1	0	1	0	1	0	0	0	0	0	2	0	1	0	0	0	0	0	0	0	0	0	0	1	0	ENSG00000163466.15	ARPC2
chr2:218228851-218234351	N_w	247	646	472	471	289	614	340	739	434	543	122	536	593	430	362	380	437	404	253	390	524	283	585	541	405	288	166	466	330	792	498	192	459	425	565	191	325	ENSG00000163466.15	ARPC2
chr2:218228851-218238663	N_w	0	4	1	2	0	3	1	3	0	1	0	0	1	3	0	1	1	0	0	1	1	0	1	2	2	1	1	1	1	4	4	0	1	1	1	0	1	ENSG00000163466.15	ARPC2
chr2:218234398-218234848	N_w	0	0	0	2	0	2	0	1	1	0	0	1	0	0	1	0	2	0	0	0	0	0	0	1	0	0	0	0	0	0	2	0	0	1	0	0	0	ENSG00000163466.15	ARPC2
chr2:218234398-218238663	N_w	264	544	529	538	328	535	264	717	733	809	161	376	728	305	362	262	349	356	209	375	417	383	449	628	450	304	207	301	382	799	520	202	803	450	488	150	394	ENSG00000163466.15	ARPC2
chr2:218235045-218238663	N_w	0	1	0	0	1	0	0	1	4	2	0	1	0	0	2	0	2	0	0	0	1	1	0	3	0	0	0	0	0	0	1	0	0	1	0	0	0	ENSG00000163466.15	ARPC2
chr2:218236734-218238663	N_w	0	0	5	0	0	2	0	0	2	0	1	0	0	0	1	1	0	0	0	0	0	0	0	2	3	3	0	0	0	2	2	0	3	0	1	0	0	ENSG00000163466.15	ARPC2
chr2:218238851-218239390	N_w	298	769	770	645	379	624	390	981	771	1009	246	483	782	426	522	362	531	439	278	462	581	373	634	864	626	526	364	494	402	1008	707	255	878	573	721	296	433	ENSG00000163466.15	ARPC2
chr2:218238851-218245419	N_w	0	0	2	0	0	2	0	0	0	2	0	2	0	0	0	0	1	0	0	0	0	0	0	1	0	0	0	2	0	0	0	0	1	0	0	0	0	ENSG00000163466.15	ARPC2
chr2:218239485-218245419	N_w	392	942	908	653	400	778	432	1109	966	1387	373	877	996	589	701	606	657	549	530	596	826	688	944	1035	841	740	481	728	556	1392	770	442	1024	736	993	416	561	ENSG00000163466.15	ARPC2
chr2:218239485-218249363	N_w	0	3	4	2	0	4	2	4	0	1	1	0	2	5	0	2	2	0	1	0	0	0	2	2	7	2	2	0	1	1	0	1	2	2	3	0	1	ENSG00000163466.15	ARPC2
chr2:218245547-218249363	N_w	462	932	965	707	470	937	455	1028	933	1340	387	853	1097	636	795	671	701	605	644	690	888	795	1066	1067	828	886	459	969	683	1509	712	529	1140	636	899	419	633	ENSG00000163466.15	ARPC2
chr2:218249465-218249820	N_w	550	1031	947	786	454	308	542	1197	1000	1477	466	1016	1241	841	842	747	871	593	736	660	981	964	1263	1189	923	975	450	894	742	1758	863	542	1242	778	1036	205	717	ENSG00000163466.15	ARPC2
chr2:218249922-218252944	N_w	0	0	1	0	0	0	1	1	0	2	0	0	0	0	0	0	0	0	0	0	2	0	0	1	0	0	0	0	0	1	1	1	1	0	0	0	0	ENSG00000163466.15	ARPC2
chr2:218249922-218253890	N_w	403	767	739	788	429	810	419	961	941	1364	341	489	829	713	717	464	663	427	520	632	772	751	700	860	704	664	359	563	692	1465	656	683	1190	622	789	353	636	ENSG00000163466.15	ARPC2
chr2:218253033-218253890	N_w	0	0	3	1	0	0	0	1	0	2	0	1	0	0	1	0	0	0	0	0	0	0	1	1	1	0	0	1	0	2	0	0	0	1	0	0	1	ENSG00000163466.15	ARPC2
chrX:17376323-17687741	N_w	0	0	0	0	4	0	0	0	0	0	0	0	0	0	0	0	0	0	0	0	0	0	0	0	0	0	0	6	0	0	0	0	0	0	0	0	0	ENSG00000188158.14	NHS
chrX:17687895-17692334	N_w	1	1	2	0	10	1	1	4	3	2	0	5	3	0	0	0	0	2	0	0	0	0	0	0	2	0	0	4	0	0	4	0	3	0	0	0	3	ENSG00000188158.14	NHS
chrX:17692469-17719343	N_w	0	0	0	0	2	2	1	6	1	2	0	5	5	0	0	0	0	3	0	3	2	0	2	0	1	0	0	2	2	0	2	0	1	0	2	0	0	ENSG00000188158.14	NHS
chrX:17719407-17721440	N_w	2	0	0	0	6	0	0	6	4	0	0	5	3	1	2	0	0	0	1	6	1	0	0	1	0	0	0	3	0	0	3	0	3	1	1	0	1	ENSG00000188158.14	NHS
chrX:17721634-17724298	N_w	4	0	0	0	16	1	2	5	2	0	0	4	4	0	0	2	0	1	0	0	0	0	0	0	1	0	0	3	0	1	4	0	3	4	4	0	0	ENSG00000188158.14	NHS
chrX:17724431-17725346	N_w	4	1	0	2	16	2	3	13	2	2	0	5	3	0	0	3	0	3	0	0	0	0	1	4	0	0	0	6	0	1	4	0	1	6	5	0	3	ENSG00000188158.14	NHS
chrX:17728329-17728648	N_w	2	2	2	2	13	0	7	8	8	4	0	9	6	1	3	1	0	8	1	1	4	0	4	3	8	0	0	9	1	0	5	0	0	4	6	0	3	ENSG00000188158.14	NHS
chrX:17728776-17731857	N_w	3	3	2	4	17	5	1	10	6	13	0	12	6	0	1	3	0	3	3	2	1	0	4	2	5	1	1	5	3	3	8	0	5	4	12	0	3	ENSG00000188158.14	NHS
chrX:72080267-72132078	N_w	0	0	2	0	0	0	0	2	2	0	0	0	0	0	0	0	0	0	0	0	0	0	0	0	3	0	0	4	0	0	2	0	0	0	0	0	0	ENSG00000204131.9	NHSL2
chrX:72132235-72134090	N_w	1	2	0	0	2	0	0	0	1	2	0	0	5	0	0	0	0	2	0	2	0	0	0	0	0	0	0	5	0	0	7	0	0	0	0	0	1	ENSG00000204131.9	NHSL2
chrX:72134219-72134508	N_w	2	3	1	1	0	0	1	1	4	3	0	0	6	0	0	0	0	2	0	0	2	2	2	0	3	0	0	5	1	3	7	0	0	0	3	0	1	ENSG00000204131.9	NHSL2
chrX:72134705-72137093	N_w	1	2	0	0	1	2	1	1	1	1	0	0	6	0	1	0	1	0	0	0	0	1	3	1	2	0	0	5	0	0	5	0	1	2	1	1	1	ENSG00000204131.9	NHSL2
chrX:72134705-72138440	N_w	3	0	0	0	0	2	0	1	0	0	0	0	2	0	0	0	0	2	0	0	0	0	0	1	0	0	0	2	0	0	2	0	0	0	0	0	1	ENSG00000204131.9	NHSL2
chrX:72137226-72138440	N_w	2	5	1	2	0	0	0	1	1	4	0	1	3	0	1	0	0	2	0	0	0	1	1	2	4	0	0	5	0	0	4	0	0	2	2	0	2	ENSG00000204131.9	NHSL2
chrX:72140772-72142231	N_w	13	12	1	7	3	4	1	11	9	12	0	10	26	3	1	2	1	8	1	6	2	0	8	0	6	2	2	14	3	7	25	0	1	10	6	5	14	ENSG00000204131.9	NHSL2
chrX:72142365-72143252	N_w	3	6	2	0	3	0	0	4	10	6	0	0	9	4	0	3	1	3	0	2	0	0	1	2	8	0	1	12	0	3	14	0	2	2	1	1	7	ENSG00000204131.9	NHSL2
chrX:72144539-72146363	N_w	2	1	0	1	0	0	0	0	1	1	0	0	1	0	0	0	0	1	0	1	0	0	0	0	1	0	1	1	0	0	2	0	0	0	1	0	3	ENSG00000204131.9	NHSL2
chr3:9792561-9797658	N_w	1	0	2	3	2	1	0	1	1	3	1	1	0	0	0	1	2	1	0	3	3	0	4	1	2	1	1	5	1	1	3	2	3	5	1	3	0	ENSG00000241553.12	ARPC4
chr3:9792706-9797658	N_w	3	3	7	3	5	4	6	4	16	11	1	8	4	2	3	4	8	7	3	4	7	10	19	8	13	4	5	8	5	3	9	8	3	5	3	5	8	ENSG00000241553.12	ARPC4
chr3:9793125-9797658	N_w	309	539	477	576	282	466	368	536	625	498	128	806	505	517	463	509	539	425	409	455	709	471	668	373	414	330	196	473	441	689	386	439	461	423	382	172	442	ENSG00000241553.12	ARPC4
chr3:9793125-9800184	N_w	3	1	1	2	0	1	0	0	0	1	0	1	0	1	0	0	0	2	0	1	3	1	2	0	2	2	0	3	0	0	0	0	1	2	0	0	0	ENSG00000241553.12	ARPC4
chr3:9793182-9797658	N_w	1	1	2	0	0	0	3	1	3	1	0	2	1	1	1	1	2	0	0	2	0	0	0	1	0	0	0	0	2	3	0	0	1	0	0	2	3	ENSG00000241553.12	ARPC4
chr3:9797778-9799878	N_w	4	7	12	6	2	7	2	7	6	8	3	4	7	1	4	4	6	3	2	4	2	2	5	6	10	4	1	7	2	5	12	8	1	2	8	2	4	ENSG00000241553.12	ARPC4
chr3:9797778-9800184	N_w	193	442	505	635	289	330	298	556	551	386	196	541	447	259	276	305	436	334	346	423	401	356	406	393	341	249	289	442	321	540	392	338	427	375	457	397	313	ENSG00000241553.12	ARPC4
chr3:9797778-9801660	N_w	1	5	4	4	0	1	0	0	0	0	2	2	0	0	1	2	1	1	1	1	1	0	0	0	0	0	1	1	0	5	1	0	1	1	2	0	0	ENSG00000241553.12	ARPC4
chr3:9800068-9800184	N_w	4	8	9	9	1	9	9	4	7	11	7	12	5	1	4	3	5	9	3	6	2	3	6	9	7	4	2	5	2	11	12	4	6	3	7	4	6	ENSG00000241553.12	ARPC4
chr3:9800297-9801660	N_w	338	677	775	1083	429	421	452	831	844	665	300	783	682	447	538	492	731	453	528	691	624	506	693	577	546	505	415	533	444	871	564	478	676	601	638	548	437	ENSG00000241553.12	ARPC4
chr3:9800297-9803842	N_w	3	10	9	12	5	7	6	14	8	6	3	8	7	7	3	8	9	8	5	10	4	8	6	7	7	4	5	4	5	19	5	2	14	8	8	3	3	ENSG00000241553.12	ARPC4
chr3:9801757-9803535	N_w	0	2	0	0	0	0	0	1	1	1	2	1	0	1	1	1	0	0	1	0	0	0	0	3	0	0	0	0	0	0	3	3	0	0	2	1	1	ENSG00000241553.12	ARPC4
chr3:9801757-9803842	N_w	272	393	516	701	308	254	321	548	610	488	208	535	426	188	355	305	434	285	355	386	320	311	425	437	412	334	317	368	266	652	382	265	463	396	458	396	277	ENSG00000241553.12	ARPC4
chr3:9803708-9803842	N_w	2	0	4	1	0	6	2	1	1	2	6	2	1	0	1	2	2	0	0	0	2	3	1	3	1	4	0	0	0	5	0	2	1	2	0	0	7	ENSG00000241553.12	ARPC4
chr3:9804014-9806209	N_w	194	335	427	656	208	351	289	428	616	500	192	502	388	281	299	265	457	311	332	424	410	348	362	314	303	255	281	430	323	539	277	401	492	316	399	371	279	ENSG00000241553.12	ARPC4
chr7:99326005-99333324	N_w	49	64	53	148	112	64	161	153	169	81	81	196	165	74	132	45	208	141	54	178	136	59	168	203	107	110	35	141	211	170	123	35	157	105	101	128	158	ENSG00000241685.9	ARPC1A
chr7:99326005-99338180	N_w	0	0	0	0	0	1	0	1	1	0	0	2	1	1	0	0	2	1	0	0	2	0	0	3	0	0	0	4	0	1	4	0	3	1	2	0	2	ENSG00000241685.9	ARPC1A
chr7:99333418-99338180	N_w	153	230	157	399	323	189	467	429	446	231	228	459	388	266	339	146	493	385	159	409	415	148	531	498	228	302	109	427	668	462	304	134	305	331	254	385	387	ENSG00000241685.9	ARPC1A
chr7:99333418-99338182	N_w	0	1	0	1	0	0	1	0	0	0	1	1	0	0	0	0	1	0	0	1	0	0	0	0	1	0	0	0	0	0	0	1	1	0	0	0	1	ENSG00000241685.9	ARPC1A
chr7:99333418-99344292	N_w	0	0	0	0	0	0	1	1	0	0	1	0	1	0	0	0	0	0	0	0	3	0	2	0	0	0	0	0	4	2	0	1	1	2	0	1	1	ENSG00000241685.9	ARPC1A
chr7:99338286-99344292	N_w	92	189	127	318	267	141	347	338	439	196	200	428	311	192	250	116	386	269	141	325	308	177	399	472	254	328	95	340	557	376	282	117	312	277	215	305	290	ENSG00000241685.9	ARPC1A
chr7:99338286-99348851	N_w	0	0	2	0	0	0	2	0	0	0	1	1	0	1	0	0	1	0	0	0	0	0	1	0	0	0	1	0	0	0	2	0	0	0	0	0	0	ENSG00000241685.9	ARPC1A
chr7:99344516-99348851	N_w	49	51	48	102	88	51	94	112	124	55	59	62	96	60	89	25	129	93	47	100	99	59	131	127	60	101	31	87	199	144	72	29	107	97	40	104	107	ENSG00000241685.9	ARPC1A
chr7:99344516-99353908	N_w	1	0	0	1	2	1	4	0	2	0	2	0	1	0	0	2	0	0	2	0	1	0	6	2	0	1	0	0	2	5	2	0	1	1	0	1	0	ENSG00000241685.9	ARPC1A
chr7:99348960-99349247	N_w	0	0	0	0	0	0	0	1	0	0	0	1	0	1	1	1	0	1	0	1	0	1	1	0	2	0	1	1	0	2	1	0	0	1	2	3	0	ENSG00000241685.9	ARPC1A
chr7:99348960-99353908	N_w	47	32	42	85	103	60	106	98	132	68	63	89	103	89	74	32	152	110	55	114	106	83	124	141	56	121	23	99	250	117	83	88	109	68	102	110	139	ENSG00000241685.9	ARPC1A
chr7:99348960-99358339	N_w	1	1	0	0	0	1	1	0	2	0	0	0	1	2	0	0	0	0	1	2	0	1	11	0	0	1	0	0	2	0	1	0	1	1	0	1	2	ENSG00000241685.9	ARPC1A
chr7:99349026-99353908	N_w	2	0	1	0	2	0	0	1	0	0	0	0	0	0	0	0	0	0	0	0	0	0	4	0	0	1	0	2	0	0	0	0	1	0	2	0	0	ENSG00000241685.9	ARPC1A
chr7:99349364-99353908	N_w	2	0	0	0	0	0	1	1	2	3	1	0	1	0	0	1	0	0	2	0	0	0	0	0	0	2	2	0	0	1	0	0	1	0	1	1	0	ENSG00000241685.9	ARPC1A
chr7:99354122-99358339	N_w	52	58	101	140	112	75	146	124	201	101	172	163	123	133	176	61	239	106	116	152	146	141	225	310	164	218	66	167	331	282	130	121	154	127	124	250	165	ENSG00000241685.9	ARPC1A
chr7:99358416-99359544	N_w	48	20	85	79	122	87	134	128	151	91	208	154	152	201	194	76	195	93	131	178	220	176	246	335	176	229	55	238	371	266	64	153	128	54	83	270	141	ENSG00000241685.9	ARPC1A
chr7:99359739-99363542	N_w	146	159	142	367	270	135	296	355	425	252	345	325	345	409	396	154	574	203	263	394	333	275	497	496	252	672	98	294	754	602	284	262	364	264	268	379	336	ENSG00000241685.9	ARPC1A
chr7:99359739-99365890	N_w	1	0	0	0	1	0	2	0	0	2	1	2	1	5	4	1	1	1	0	1	4	2	5	0	0	1	1	2	1	3	0	2	1	0	1	0	4	ENSG00000241685.9	ARPC1A
chr7:99359776-99363542	N_w	0	0	0	3	1	0	1	0	0	0	2	0	0	0	1	0	1	0	0	0	1	2	1	0	0	0	0	0	1	1	0	0	0	0	0	0	0	ENSG00000241685.9	ARPC1A
chr7:99360275-99363542	N_w	0	0	0	0	0	0	2	1	0	2	1	0	0	0	1	0	0	1	1	0	0	1	0	2	0	0	0	0	0	0	0	0	0	0	0	0	0	ENSG00000241685.9	ARPC1A
chr7:99363634-99365472	N_w	0	0	0	2	0	0	0	0	0	1	3	0	0	0	2	0	1	0	0	0	0	0	1	1	0	2	0	1	0	0	0	0	0	0	0	2	1	ENSG00000241685.9	ARPC1A
chr7:99363634-99365494	N_w	0	0	0	2	0	0	0	0	0	0	2	0	0	0	0	0	2	0	0	0	0	0	0	0	0	2	0	1	3	0	0	0	0	0	0	0	0	ENSG00000241685.9	ARPC1A
chr7:99363634-99365500	N_w	0	0	0	0	0	0	0	0	2	0	1	0	1	1	0	0	1	0	0	1	1	0	0	0	0	1	0	0	2	3	0	0	0	0	0	0	0	ENSG00000241685.9	ARPC1A
chr7:99363634-99365890	N_w	96	109	88	274	201	117	290	280	337	235	358	307	254	325	335	123	522	213	281	339	271	208	471	411	212	543	114	281	650	527	212	316	235	214	228	407	252	ENSG00000241685.9	ARPC1A
chr7:99363634-99365911	N_w	1	2	0	6	0	1	2	0	1	0	2	2	1	0	0	0	0	3	1	0	1	2	1	2	0	2	0	0	0	2	0	0	0	2	4	1	1	ENSG00000241685.9	ARPC1A
chr7:99365739-99365890	N_w	0	0	0	1	0	0	0	0	0	0	8	0	1	2	0	0	1	1	0	0	2	1	0	3	0	2	0	0	3	0	1	1	0	0	0	1	1	ENSG00000241685.9	ARPC1A
chr3:10115820-10118905	N_w	21	18	44	32	11	26	13	13	36	36	3	11	25	11	12	12	45	28	26	30	23	12	18	49	37	19	13	16	21	14	23	15	16	6	30	13	5	ENSG00000254999.3	BRK1
chr3:10115820-10125625	N_w	279	553	739	763	450	428	493	700	1090	631	365	747	585	498	454	344	797	607	460	617	555	366	542	460	513	552	392	572	485	946	440	529	567	535	815	642	430	ENSG00000254999.3	BRK1
chr3:10115820-10126268	N_w	0	1	0	0	0	0	0	0	1	1	1	1	0	0	0	0	0	0	0	1	0	1	2	0	0	0	1	0	3	0	1	0	1	0	3	0	0	ENSG00000254999.3	BRK1
chr3:10118971-10125611	N_w	0	0	1	2	0	0	0	0	1	1	0	0	1	2	0	0	0	0	0	1	1	0	0	4	2	0	0	0	0	2	0	0	0	0	0	0	0	ENSG00000254999.3	BRK1
chr3:10118971-10125625	N_w	21	12	25	18	12	20	11	10	31	35	4	6	21	6	10	14	25	12	18	13	12	6	11	24	26	18	8	19	28	20	27	4	22	13	19	6	5	ENSG00000254999.3	BRK1
chr3:10125709-10126268	N_w	241	441	483	582	439	356	373	684	868	610	205	507	495	423	420	338	630	465	382	429	406	355	517	333	375	477	278	454	525	831	423	420	441	561	830	461	416	ENSG00000254999.3	BRK1
chr15:22869568-22870009	N_w	0	0	0	0	0	0	0	1	2	1	0	0	0	1	0	0	0	2	0	0	0	3	0	0	1	1	0	0	0	0	1	0	2	0	1	1	0	ENSG00000273749.4	CYFIP1
chr15:22870193-22872824	N_w	54	130	80	166	146	123	184	231	199	170	56	165	180	139	174	127	219	256	130	164	198	114	116	121	136	140	39	135	107	230	154	133	151	175	218	242	275	ENSG00000273749.4	CYFIP1
chr15:22870193-22873490	N_w	1	0	0	3	2	2	1	0	0	0	1	2	1	1	3	0	1	2	0	1	1	0	0	0	0	4	0	2	0	3	1	4	0	4	3	2	4	ENSG00000273749.4	CYFIP1
chr15:22870193-22874549	N_w	1	1	0	0	0	0	0	0	1	1	3	1	0	3	1	0	1	2	0	0	2	1	0	0	0	1	0	1	0	1	2	1	0	2	2	1	0	ENSG00000273749.4	CYFIP1
chr15:22870193-22879912	N_w	0	1	1	0	0	0	1	1	0	0	0	2	1	0	0	1	0	3	0	0	0	0	0	0	0	0	0	2	0	0	0	0	0	1	2	0	6	ENSG00000273749.4	CYFIP1
chr15:22872973-22873490	N_w	116	211	166	304	269	185	245	406	379	299	129	294	340	239	234	205	323	431	162	276	351	132	189	201	287	331	101	282	211	383	222	190	241	269	279	553	488	ENSG00000273749.4	CYFIP1
chr15:22873730-22874549	N_w	58	82	77	117	90	93	130	113	168	117	41	116	142	116	89	90	121	196	68	127	162	83	82	108	125	91	55	126	86	137	114	91	123	99	85	265	199	ENSG00000273749.4	CYFIP1
chr15:22874645-22875198	N_w	53	163	128	190	172	112	167	253	274	227	61	185	225	163	154	136	183	280	123	195	228	70	108	138	219	138	53	179	115	257	169	109	183	177	140	266	359	ENSG00000273749.4	CYFIP1
chr15:22875272-22879912	N_w	66	127	131	165	121	101	113	201	275	217	67	192	214	122	121	94	136	206	70	151	203	93	81	159	188	138	82	155	99	201	131	91	184	150	138	328	280	ENSG00000273749.4	CYFIP1
chr15:22880044-22881845	N_w	86	129	85	133	107	98	122	186	225	150	46	172	189	143	144	115	138	264	81	121	205	73	97	143	203	121	70	181	121	220	145	79	160	125	135	230	317	ENSG00000273749.4	CYFIP1
chr15:22881937-22882867	N_w	61	136	110	167	123	85	141	214	230	155	44	133	194	127	102	89	138	214	56	147	167	55	75	163	221	113	69	140	93	178	144	72	150	116	121	244	293	ENSG00000273749.4	CYFIP1
chr15:22883012-22892889	N_w	42	121	89	146	113	69	138	208	196	141	54	188	213	77	97	83	131	220	55	118	176	60	89	120	197	128	68	130	93	179	175	48	129	159	120	273	292	ENSG00000273749.4	CYFIP1
chr15:22892978-22903705	N_w	66	184	115	177	141	122	181	261	194	151	45	184	198	129	136	141	187	282	95	144	258	56	111	121	171	116	41	195	135	220	160	63	130	196	163	200	359	ENSG00000273749.4	CYFIP1
chr15:22903906-22909193	N_w	49	150	114	142	133	82	154	192	174	133	41	267	163	96	93	111	132	237	74	156	162	57	57	154	193	103	44	136	85	178	126	57	110	162	144	173	234	ENSG00000273749.4	CYFIP1
chr15:22909314-22910519	N_w	45	122	58	111	128	85	131	190	144	105	31	157	171	67	92	66	104	203	47	144	145	40	59	95	149	61	28	154	86	176	117	31	100	146	98	151	274	ENSG00000273749.4	CYFIP1
chr15:22910629-22910736	N_w	24	39	74	67	70	50	56	113	102	58	26	51	82	55	59	33	32	69	40	80	96	19	19	89	126	33	34	75	43	85	58	10	87	48	31	120	166	ENSG00000273749.4	CYFIP1
chr15:22910814-22912178	N_w	81	164	98	161	153	91	220	335	209	131	36	297	267	78	116	120	132	278	97	158	175	68	115	135	192	113	58	169	108	198	215	28	138	246	147	203	348	ENSG00000273749.4	CYFIP1
chr15:22912276-22914725	N_w	65	159	50	176	186	109	204	298	183	133	31	224	269	79	110	111	136	311	76	181	185	43	97	103	143	83	41	185	98	163	183	28	123	209	128	155	272	ENSG00000273749.4	CYFIP1
chr15:22914883-22916476	N_w	52	69	43	58	77	54	84	120	46	40	10	78	93	41	48	43	77	133	32	66	56	20	64	37	65	47	21	64	36	103	83	7	57	103	60	85	146	ENSG00000273749.4	CYFIP1
chr15:22914883-22916881	N_w	0	11	2	14	7	0	4	11	19	2	0	11	23	2	2	13	0	24	5	25	5	0	13	0	10	0	4	21	1	8	4	0	2	5	12	6	4	ENSG00000273749.4	CYFIP1
chr15:22916631-22916881	N_w	0	2	0	0	0	4	0	0	0	0	0	0	0	0	1	1	0	1	0	0	0	0	0	0	1	0	0	3	0	1	0	0	2	0	0	0	1	ENSG00000273749.4	CYFIP1
chr15:22916631-22917787	N_w	35	66	68	69	61	39	76	129	66	56	8	83	103	34	37	37	58	99	23	57	77	23	30	55	85	28	21	63	35	61	84	12	62	63	51	85	139	ENSG00000273749.4	CYFIP1
chr15:22917030-22917787	N_w	0	4	3	13	6	0	5	7	15	4	0	13	21	0	3	15	0	12	3	26	5	0	11	0	8	0	1	35	0	10	5	5	0	7	4	4	3	ENSG00000273749.4	CYFIP1
chr15:22917936-22918691	N_w	55	124	57	98	126	74	110	161	130	71	23	139	190	69	105	101	81	214	37	126	142	19	43	73	121	38	20	145	75	133	129	17	83	140	62	106	258	ENSG00000273749.4	CYFIP1
chr15:22918859-22925981	N_w	50	107	53	123	134	62	115	179	174	84	17	152	210	66	91	68	60	220	23	107	156	23	62	85	119	38	21	144	68	112	130	18	114	126	76	115	247	ENSG00000273749.4	CYFIP1
chr15:22926108-22927905	N_w	19	63	46	49	65	27	69	91	54	34	7	74	92	19	45	33	36	123	18	69	71	23	48	57	82	18	14	87	23	80	86	7	43	52	38	59	110	ENSG00000273749.4	CYFIP1
chr15:22928029-22932222	N_w	20	51	34	50	58	53	63	76	46	17	7	109	76	25	40	45	24	96	18	33	70	25	32	56	80	16	9	64	29	56	60	6	40	27	33	69	99	ENSG00000273749.4	CYFIP1
chr15:22932341-22933801	N_w	52	137	62	111	152	103	163	210	175	77	19	220	152	52	72	81	62	258	36	147	139	34	81	80	124	46	8	157	56	143	141	11	80	147	89	110	232	ENSG00000273749.4	CYFIP1
chr15:22933894-22937103	N_w	51	114	75	116	138	74	129	183	148	84	11	169	222	44	75	79	78	221	38	154	88	20	78	80	96	46	20	128	54	129	153	6	84	150	82	94	228	ENSG00000273749.4	CYFIP1
chr15:22937209-22939191	N_w	36	127	48	127	172	95	168	229	175	82	14	162	221	68	88	91	96	225	28	171	126	30	67	70	110	20	23	150	49	117	172	12	115	176	100	116	253	ENSG00000273749.4	CYFIP1
chr15:22939321-22939410	N_w	17	84	52	79	110	62	91	158	86	40	7	142	117	32	54	46	39	165	18	82	64	17	38	56	102	25	23	89	37	69	126	7	62	87	49	81	178	ENSG00000273749.4	CYFIP1
chr15:22939508-22943172	N_w	34	129	81	91	134	79	143	164	166	97	11	184	171	25	86	78	59	171	22	127	128	16	56	70	142	37	18	146	28	106	168	6	93	114	77	96	185	ENSG00000273749.4	CYFIP1
chr15:22943355-22944557	N_w	20	59	32	58	79	27	64	98	108	50	8	99	118	15	29	44	17	106	17	100	51	6	28	32	54	25	6	63	22	54	99	1	52	76	28	42	104	ENSG00000273749.4	CYFIP1
chr15:22944660-22944861	N_w	35	96	47	100	108	50	96	147	117	61	2	166	146	42	55	72	50	187	23	125	118	17	50	60	90	19	21	111	26	81	128	10	58	92	59	58	180	ENSG00000273749.4	CYFIP1
chr15:22944940-22947002	N_w	28	96	57	101	102	54	116	136	123	52	6	141	182	33	40	43	29	140	17	110	86	16	41	59	99	26	17	106	25	64	110	3	67	81	53	89	156	ENSG00000273749.4	CYFIP1
chr15:22944940-22947168	N_w	2	0	0	7	0	0	0	5	2	0	0	3	1	2	0	0	0	0	0	0	0	0	0	0	0	0	0	1	0	4	1	1	0	7	2	0	9	ENSG00000273749.4	CYFIP1
chr15:22947093-22947168	N_w	29	93	70	101	108	44	86	128	166	69	7	135	179	44	59	48	46	178	28	95	134	20	40	81	136	21	22	155	32	87	131	5	96	99	51	73	216	ENSG00000273749.4	CYFIP1
chr15:22947292-22980286	N_w	9	27	27	23	55	26	47	38	6	0	4	53	55	16	34	15	10	73	9	46	54	10	13	36	72	8	8	75	12	43	37	2	10	25	9	36	45	ENSG00000273749.4	CYFIP1
chr15:22947319-22980286	N_w	1	2	3	5	1	2	1	3	2	3	0	3	2	2	1	0	2	7	0	4	2	1	2	4	8	2	0	8	1	2	3	0	2	1	1	3	5	ENSG00000273749.4	CYFIP1
