junction	type	ERR2598061	ERR2598062	ERR2598063	ERR2598064	ERR2598083	ERR2598084	ERR2598085	ERR2598097	ERR2598115	ERR2598131	ERR2598132	ERR2598143	ERR2598144	ERR2598159	ERR2598160	ERR2598161	ERR2598162	ERR2598173	ERR2598174	ERR2598175	ERR2598176	ERR2598188	ERR2598189	ERR2598201	ERR2598202	ERR2598217	ERR2598218	ERR2598219	ERR2598220	ERR2598241	ERR2598242	ERR2598243	ERR2598244	ERR2598261	ERR2598275	ERR2598284	ERR2598285	ERR2598334	ERR2598344	ERR2598357	ERR2598358	ERR2598359	ERR2598142	ERR2598260	ERR2598262	ERR2598310	geneID	geneName
chr5:157266196-157285338	N_w	0	0	0	0	0	0	2	1	0	0	0	0	1	2	1	0	1	1	2	0	0	0	0	0	0	0	0	0	2	0	0	0	0	0	0	0	1	0	0	0	1	0	0	0	0	2	ENSG00000055163.19	CYFIP2
chr5:157280389-157293242	N_w	0	0	0	1	0	0	0	1	1	0	0	0	1	0	0	1	0	0	0	1	0	0	0	0	2	0	0	0	0	0	0	0	1	0	0	0	0	0	0	0	0	0	0	0	0	1	ENSG00000055163.19	CYFIP2
chr5:157285479-157287018	N_w	0	1	1	4	0	0	13	8	4	8	4	11	17	6	2	4	6	11	11	5	6	1	2	1	2	0	6	7	4	0	2	1	0	0	2	3	2	3	2	1	13	3	3	0	0	7	ENSG00000055163.19	CYFIP2
chr5:157287109-157294782	N_w	0	1	1	0	0	0	8	2	2	2	3	3	5	3	0	2	5	7	5	0	0	0	1	1	0	0	3	3	2	0	0	0	0	0	0	1	0	0	1	1	5	1	0	0	0	2	ENSG00000055163.19	CYFIP2
chr5:157294861-157296672	N_w	1	1	3	6	3	0	19	7	8	7	4	4	6	5	5	4	6	20	5	3	1	1	1	0	4	0	1	9	6	0	0	0	4	0	0	2	2	3	7	4	4	4	3	0	3	6	ENSG00000055163.19	CYFIP2
chr5:157296775-157300714	N_w	0	2	1	0	0	0	5	5	2	1	3	1	1	5	3	3	3	4	5	1	0	1	0	1	3	2	2	5	3	1	3	2	4	0	1	0	0	2	0	1	1	1	1	0	0	2	ENSG00000055163.19	CYFIP2
chr5:157300897-157302793	N_w	0	3	1	3	1	1	6	5	1	1	3	2	8	2	1	3	5	11	10	3	1	2	4	2	6	1	1	5	1	1	0	1	2	1	0	1	3	2	2	1	4	1	1	0	0	4	ENSG00000055163.19	CYFIP2
chr5:157302891-157304237	N_w	0	4	0	4	0	0	12	10	4	12	5	5	15	8	1	5	6	15	7	7	0	1	4	0	10	0	2	5	9	2	0	0	3	2	2	3	4	4	5	2	11	1	4	0	0	8	ENSG00000055163.19	CYFIP2
chr5:157304367-157307760	N_w	0	0	1	3	0	0	14	8	3	3	7	7	11	4	2	3	1	10	4	1	1	0	3	0	2	0	5	1	6	1	0	0	0	0	0	1	1	4	1	1	4	0	0	0	0	7	ENSG00000055163.19	CYFIP2
chr5:157307866-157309742	N_w	1	1	3	0	0	0	5	2	5	4	4	2	8	9	2	4	4	7	1	0	2	3	1	0	0	0	2	1	4	0	0	0	0	0	0	0	0	2	2	4	6	0	0	0	0	4	ENSG00000055163.19	CYFIP2
chr5:157309835-157311663	N_w	0	1	2	1	0	0	14	9	1	5	4	4	7	2	3	7	3	7	1	3	3	1	0	0	4	0	1	2	1	0	1	0	0	0	0	0	2	4	3	3	12	3	1	1	1	4	ENSG00000055163.19	CYFIP2
chr5:157311782-157314343	N_w	0	1	0	4	0	0	4	1	3	5	1	2	1	5	0	0	1	11	2	1	2	2	1	0	2	0	3	3	7	1	0	0	0	0	1	1	0	3	0	1	2	0	1	0	0	8	ENSG00000055163.19	CYFIP2
chr5:157314464-157314968	N_w	0	0	1	6	0	0	11	3	5	2	2	5	10	5	5	3	5	9	9	2	0	0	1	0	1	0	4	3	1	0	0	0	0	0	0	0	0	1	2	0	9	3	2	0	0	4	ENSG00000055163.19	CYFIP2
chr5:157315095-157319761	N_w	0	0	2	1	0	0	5	3	3	6	3	2	10	2	5	4	5	13	5	2	2	0	2	0	4	0	2	5	2	0	0	0	2	0	1	2	6	4	2	0	12	0	2	0	0	5	ENSG00000055163.19	CYFIP2
chr5:157319929-157320654	N_w	0	0	3	2	0	0	10	4	4	4	3	5	9	4	1	0	4	9	7	7	4	0	1	0	6	0	4	3	3	0	0	0	0	0	1	2	4	2	0	1	6	2	0	0	0	9	ENSG00000055163.19	CYFIP2
chr5:157320803-157323920	N_w	0	0	3	1	0	0	8	4	2	7	3	5	9	4	4	2	7	13	7	1	1	1	1	0	7	1	2	2	4	1	0	0	1	0	1	2	1	4	3	2	10	3	1	0	0	6	ENSG00000055163.19	CYFIP2
chr5:157324075-157325481	N_w	1	0	2	1	0	0	13	7	3	4	3	4	11	4	8	2	10	13	6	4	1	2	2	0	4	0	7	3	0	0	1	0	1	0	2	2	7	3	2	0	5	1	2	0	0	17	ENSG00000055163.19	CYFIP2
chr5:157325639-157326170	N_w	0	1	3	3	0	0	14	13	12	10	3	6	12	9	4	7	6	21	9	8	3	3	9	2	3	0	4	6	10	0	1	0	1	0	3	4	5	8	3	2	15	5	4	0	3	20	ENSG00000055163.19	CYFIP2
chr5:157326268-157327972	N_w	0	0	1	1	0	0	3	4	1	3	3	0	7	2	0	2	6	7	4	2	1	2	0	0	2	0	2	2	1	0	0	0	0	0	0	1	0	3	0	0	0	2	2	1	1	7	ENSG00000055163.19	CYFIP2
chr5:157328050-157330741	N_w	0	2	1	5	1	0	16	12	10	7	6	6	13	6	6	3	6	10	3	3	4	3	2	0	2	0	5	7	9	0	0	0	1	0	4	5	4	9	3	7	28	5	2	0	0	12	ENSG00000055163.19	CYFIP2
chr5:157330851-157333326	N_w	0	0	6	8	0	0	16	7	10	5	4	4	7	11	9	4	7	14	3	5	5	3	3	0	3	1	10	8	3	1	0	0	2	0	2	2	4	6	2	2	39	9	1	0	2	16	ENSG00000055163.19	CYFIP2
chr5:157333447-157339056	N_w	1	2	3	1	1	0	0	3	2	3	4	3	4	5	5	1	10	16	6	1	0	2	0	1	3	0	6	1	4	1	0	0	0	0	1	2	6	6	3	4	7	2	2	1	0	11	ENSG00000055163.19	CYFIP2
chr5:157339257-157341069	N_w	0	8	7	6	1	1	29	11	10	5	10	8	20	15	5	2	13	25	12	10	7	4	0	1	9	0	9	14	6	3	2	2	1	2	7	2	8	10	7	4	57	3	4	3	4	26	ENSG00000055163.19	CYFIP2
chr5:157341158-157359004	N_w	1	5	14	11	3	1	41	23	16	17	8	5	31	14	14	9	17	28	19	11	11	4	5	1	17	2	15	14	6	1	1	1	2	0	12	10	19	17	8	5	104	10	5	2	5	34	ENSG00000055163.19	CYFIP2
chr5:157359149-157360281	N_w	1	3	6	4	1	1	17	12	7	9	1	12	7	9	7	0	11	18	7	7	2	2	4	2	1	1	6	10	9	2	1	1	4	1	3	6	4	8	4	5	42	10	4	2	8	15	ENSG00000055163.19	CYFIP2
chr5:157360373-157361467	N_w	3	2	9	13	9	1	35	20	7	17	17	9	20	14	16	7	14	23	9	8	12	7	11	4	9	1	10	10	8	5	2	6	2	9	10	7	16	12	12	4	54	12	5	2	9	30	ENSG00000055163.19	CYFIP2
chr5:157360623-157361467	N_w	0	0	0	0	0	4	2	0	0	0	0	1	0	0	0	0	1	0	0	0	0	0	0	0	0	0	0	0	1	0	0	0	0	0	0	1	0	0	0	0	0	0	0	0	0	0	ENSG00000055163.19	CYFIP2
chr5:157361599-157382589	N_w	4	3	5	3	5	2	24	13	3	7	11	9	15	12	11	5	10	15	12	5	7	7	1	4	7	0	5	13	15	2	0	3	4	1	5	4	11	11	3	2	50	6	1	4	6	32	ENSG00000055163.19	CYFIP2
chr5:157382663-157383264	N_w	2	4	6	1	6	0	11	6	1	8	2	5	10	9	6	2	8	10	5	4	3	3	3	3	4	0	9	3	6	0	1	1	6	0	0	4	8	13	2	5	20	10	2	2	2	17	ENSG00000055163.19	CYFIP2
chr5:157383360-157389188	N_w	9	0	2	5	8	6	6	2	7	9	7	9	11	6	4	2	8	10	5	3	2	2	0	1	4	3	1	5	1	3	1	2	4	4	0	4	11	11	5	3	24	3	2	0	6	16	ENSG00000055163.19	CYFIP2
chr5:157389428-157390520	N_w	6	10	10	5	9	5	8	1	9	3	3	5	5	3	9	4	11	18	5	4	1	3	1	1	3	6	13	3	3	1	1	2	8	2	3	1	3	7	3	1	15	7	3	2	5	13	ENSG00000055163.19	CYFIP2
chr5:157390669-157392832	N_w	18	13	9	8	13	7	17	10	6	7	10	7	17	13	12	5	5	10	6	1	1	5	2	5	6	9	12	6	6	7	6	5	14	13	10	8	10	16	10	9	67	12	4	0	16	21	ENSG00000055163.19	CYFIP2
chr2:182925819-182926815	N_w	7	3	7	9	3	2	7	10	9	16	3	8	6	21	11	8	21	37	36	4	9	9	18	19	25	18	15	14	13	5	10	3	19	0	12	10	10	14	8	16	23	20	5	18	7	23	ENSG00000061676.14	NCKAP1
chr2:182926906-182928116	N_w	11	15	32	49	7	4	53	73	38	68	36	50	28	93	28	20	64	169	118	67	42	58	86	25	82	55	67	75	68	21	7	18	19	0	23	33	26	49	36	57	44	48	23	16	24	56	ENSG00000061676.14	NCKAP1
chr2:182928227-182928782	N_w	3	6	13	38	6	2	55	72	26	41	28	30	22	45	18	17	52	121	78	46	31	21	77	9	64	19	40	56	52	6	5	4	8	0	9	19	6	24	22	34	25	22	11	17	5	32	ENSG00000061676.14	NCKAP1
chr2:182928900-182930694	N_w	14	6	15	20	3	1	49	42	29	43	24	18	13	72	31	22	63	147	82	47	27	35	70	14	76	17	56	61	72	15	10	0	14	1	15	22	16	31	20	33	35	33	19	18	11	52	ENSG00000061676.14	NCKAP1
chr2:182930789-182934751	N_w	7	2	16	15	1	2	22	24	16	28	16	25	16	49	16	19	44	91	52	42	18	28	31	13	48	11	29	42	40	5	6	3	14	0	6	14	8	18	24	25	11	27	8	9	8	34	ENSG00000061676.14	NCKAP1
chr2:182934833-182935292	N_w	1	5	10	27	0	1	18	28	8	28	18	17	9	24	15	14	40	126	57	15	7	24	50	14	42	19	21	35	32	2	4	1	12	0	7	16	13	22	21	16	18	46	11	15	5	19	ENSG00000061676.14	NCKAP1
chr2:182935376-182942069	N_w	3	4	24	55	3	2	45	70	29	67	35	32	31	73	34	19	66	186	122	74	42	43	103	9	91	22	72	72	76	3	12	3	10	0	13	10	22	33	31	46	24	37	20	16	5	72	ENSG00000061676.14	NCKAP1
chr2:182942164-182952404	N_w	2	1	18	25	6	0	46	85	21	28	17	8	12	23	7	11	31	79	73	38	21	18	51	3	100	13	24	30	33	8	7	5	10	0	5	10	4	19	22	19	18	15	16	5	4	36	ENSG00000061676.14	NCKAP1
chr2:182952503-182952792	N_w	0	1	15	24	2	2	14	33	10	38	21	19	5	45	16	11	44	106	67	16	16	20	55	7	46	14	31	44	48	0	4	2	7	0	3	5	14	22	25	23	31	18	10	1	0	23	ENSG00000061676.14	NCKAP1
chr2:182952924-182953112	N_w	4	5	14	19	0	1	23	42	16	34	26	26	10	41	20	24	51	116	59	19	17	23	73	5	51	10	36	52	49	4	2	0	5	0	2	6	8	11	23	27	24	19	23	7	1	25	ENSG00000061676.14	NCKAP1
chr2:182953332-182956461	N_w	8	5	7	23	0	0	75	59	14	30	17	27	25	45	16	15	35	104	71	55	50	4	58	4	65	6	28	43	28	2	1	1	4	0	4	8	10	23	20	28	39	20	13	5	3	33	ENSG00000061676.14	NCKAP1
chr2:182956594-182957456	N_w	0	0	7	20	0	0	36	36	17	26	15	23	25	38	9	18	35	111	49	35	38	9	41	3	44	2	24	43	32	0	3	1	0	0	0	2	7	19	8	6	11	6	6	3	0	33	ENSG00000061676.14	NCKAP1
chr2:182957597-182962158	N_w	1	0	12	6	0	0	17	27	15	30	22	17	12	36	9	8	41	125	56	25	14	13	32	0	51	2	35	44	42	0	4	1	2	0	1	5	6	9	11	8	12	7	7	3	1	19	ENSG00000061676.14	NCKAP1
chr2:182962279-182964675	N_w	0	0	7	16	0	1	36	48	21	30	21	14	7	44	6	25	42	106	45	21	15	14	41	2	45	1	27	47	33	0	5	2	1	0	1	2	3	8	14	8	14	12	8	3	0	19	ENSG00000061676.14	NCKAP1
chr2:182964809-182967215	N_w	0	0	4	17	1	0	8	27	4	26	13	15	10	34	8	8	41	124	56	26	17	15	41	1	25	2	35	46	39	0	2	0	0	0	1	6	3	11	10	12	11	9	17	2	0	26	ENSG00000061676.14	NCKAP1
chr2:182967362-182976892	N_w	0	0	6	19	0	2	25	26	12	14	23	5	7	39	6	11	32	100	45	22	6	12	29	0	35	2	26	51	28	3	1	0	1	0	0	2	0	6	10	8	12	6	1	1	0	17	ENSG00000061676.14	NCKAP1
chr2:182976952-182978833	N_w	0	0	6	15	0	0	8	13	7	17	11	8	5	45	0	19	41	124	47	10	4	10	24	1	25	2	26	40	23	2	3	0	0	0	0	2	2	7	13	1	2	4	2	0	0	7	ENSG00000061676.14	NCKAP1
chr2:182978916-182981243	N_w	0	0	3	8	0	0	20	25	11	21	11	13	12	29	6	17	26	94	52	29	17	10	38	0	44	1	24	34	22	0	0	0	1	0	0	3	4	13	6	6	13	4	4	3	1	16	ENSG00000061676.14	NCKAP1
chr2:182981377-182982820	N_w	0	1	13	24	0	0	52	52	15	35	13	23	17	47	6	9	39	132	60	43	25	8	57	6	68	0	36	61	31	1	3	3	1	1	0	8	4	11	16	15	15	5	13	0	3	26	ENSG00000061676.14	NCKAP1
chr2:182982928-182983285	N_w	4	0	6	6	0	0	17	15	9	8	14	6	13	31	7	13	23	70	41	21	13	9	35	1	21	3	19	20	28	1	2	0	1	2	0	0	4	10	8	5	3	1	7	1	0	11	ENSG00000061676.14	NCKAP1
chr2:182983383-182986170	N_w	1	2	6	5	0	0	17	28	4	14	7	8	5	28	4	8	30	48	24	18	13	9	18	8	18	2	17	24	28	0	0	3	2	0	0	0	5	5	8	5	3	3	4	0	3	11	ENSG00000061676.14	NCKAP1
chr2:182986228-182989029	N_w	0	1	7	13	0	0	20	29	7	14	12	14	6	37	5	8	42	100	46	21	12	14	37	0	27	0	22	39	35	0	2	0	0	0	0	0	3	8	9	4	1	0	6	0	0	9	ENSG00000061676.14	NCKAP1
chr2:182989187-182994838	N_w	0	0	2	10	0	0	36	38	20	26	15	15	14	26	13	10	40	115	54	29	22	2	64	1	55	3	21	51	44	0	1	0	0	0	0	4	3	6	17	7	10	5	8	1	0	20	ENSG00000061676.14	NCKAP1
chr2:182994888-182995700	N_w	0	0	4	12	0	0	26	23	12	26	18	20	16	28	10	13	28	110	64	25	23	5	56	1	59	4	19	50	31	0	1	0	1	0	0	2	3	9	12	6	4	3	4	0	1	21	ENSG00000061676.14	NCKAP1
chr2:182995839-183001952	N_w	0	2	5	7	1	2	16	24	6	12	11	8	8	17	5	10	27	85	32	25	15	7	25	0	24	2	16	18	24	0	1	0	3	0	0	2	5	7	11	4	3	3	6	3	2	17	ENSG00000061676.14	NCKAP1
chr2:183002044-183002126	N_w	0	4	6	8	0	0	6	28	1	6	7	5	6	21	1	2	23	68	22	7	9	3	10	1	24	2	20	16	12	0	1	0	4	0	2	0	4	3	9	5	3	3	2	2	0	8	ENSG00000061676.14	NCKAP1
chr2:183002270-183002973	N_w	0	2	0	8	0	0	13	6	6	18	10	10	7	26	6	4	24	57	30	1	5	3	46	0	7	1	10	21	15	0	0	0	1	0	0	1	1	1	6	3	7	2	2	0	1	7	ENSG00000061676.14	NCKAP1
chr2:183003031-183003232	N_w	0	2	1	10	1	0	10	5	2	10	1	4	1	15	3	6	15	70	29	3	2	6	18	0	6	0	11	16	18	1	0	0	0	0	0	0	1	4	3	2	2	2	5	0	0	8	ENSG00000061676.14	NCKAP1
chr2:183003326-183023805	N_w	2	0	2	13	0	0	11	20	0	14	2	6	2	17	6	3	19	66	37	16	9	5	23	1	22	1	15	16	23	0	3	0	2	0	1	0	4	6	8	3	6	1	2	0	0	19	ENSG00000061676.14	NCKAP1
chr2:183023917-183037991	N_w	0	0	1	0	0	0	11	18	3	4	4	8	7	9	0	2	12	32	20	13	6	1	8	0	14	0	9	12	15	1	0	1	1	0	0	0	1	2	7	2	4	1	3	0	0	12	ENSG00000061676.14	NCKAP1
chr17:49210842-49216530	N_w	1	1	3	1	0	0	6	4	1	11	0	0	10	6	2	4	8	8	4	4	2	7	8	1	6	2	2	2	9	1	0	0	1	0	3	1	0	3	0	2	2	3	3	0	1	0	ENSG00000108798.8	ABI3
chr17:49216699-49217738	N_w	1	0	7	4	1	0	6	5	4	2	0	2	6	0	6	1	8	1	5	1	0	2	2	2	3	3	3	3	8	0	1	0	4	0	0	0	0	0	1	1	0	0	3	0	3	0	ENSG00000108798.8	ABI3
chr17:49217916-49219539	N_w	5	2	9	2	0	0	11	7	2	3	4	2	7	8	6	1	5	4	1	4	7	9	3	3	10	1	3	1	5	1	2	0	4	1	0	2	0	0	0	0	4	2	3	1	0	0	ENSG00000108798.8	ABI3
chr17:49219626-49219857	N_w	0	1	7	2	1	0	19	9	7	5	1	3	10	4	6	2	8	7	9	6	3	7	6	2	9	0	7	6	8	1	0	2	4	0	2	3	3	4	2	4	2	1	0	0	4	1	ENSG00000108798.8	ABI3
chr17:49219954-49220168	N_w	5	1	3	3	3	1	1	4	4	0	1	0	7	0	7	0	3	3	3	5	3	0	0	7	11	2	6	1	5	2	3	1	3	1	0	0	1	0	2	3	4	1	1	1	6	0	ENSG00000108798.8	ABI3
chr17:49220327-49222069	N_w	0	0	1	1	0	0	2	0	0	0	0	0	0	0	0	0	1	0	0	1	0	0	0	0	1	0	0	0	0	0	0	0	1	2	0	0	0	0	0	0	0	0	0	0	0	0	ENSG00000108798.8	ABI3
chr17:49220327-49222090	N_w	0	1	5	2	0	1	16	8	2	2	2	8	8	2	1	0	6	6	2	2	12	4	2	5	4	1	4	6	7	1	1	3	3	3	1	0	3	0	3	5	6	1	0	1	6	0	ENSG00000108798.8	ABI3
chr17:49222226-49222551	N_w	5	2	6	0	4	2	7	2	3	5	6	1	8	5	8	5	10	7	6	5	4	7	3	5	12	4	12	0	9	3	3	5	7	9	6	6	1	1	5	3	6	0	3	7	3	0	ENSG00000108798.8	ABI3
chr12:110435218-110436109	N_w	468	242	282	155	382	195	388	371	201	204	148	134	228	325	329	228	375	233	201	247	173	541	211	746	407	419	204	173	263	332	350	326	515	274	192	120	58	103	101	211	311	184	175	531	535	102	ENSG00000111229.15	ARPC3
chr12:110436202-110436556	N_w	5	5	6	6	6	5	11	5	6	5	0	6	6	8	6	0	6	10	5	6	2	10	5	10	6	4	2	3	4	3	2	6	15	0	2	2	1	4	3	2	6	6	4	11	6	0	ENSG00000111229.15	ARPC3
chr12:110436205-110436556	N_w	398	273	365	261	396	192	524	539	275	343	243	213	233	524	340	218	536	342	261	320	179	739	339	721	570	401	331	284	304	348	258	354	530	214	202	151	96	133	148	223	381	234	287	477	660	146	ENSG00000111229.15	ARPC3
chr12:110436205-110436664	N_w	5	0	0	1	1	0	1	3	0	3	1	2	1	3	2	0	2	1	0	0	1	2	1	3	3	2	2	1	1	0	4	1	2	3	0	2	1	0	1	1	0	1	1	6	0	1	ENSG00000111229.15	ARPC3
chr12:110436205-110437083	N_w	2	0	0	0	0	0	2	0	0	0	0	1	0	0	1	9	1	0	0	0	0	2	0	20	1	0	0	1	1	1	15	1	0	0	1	1	0	0	0	1	3	2	0	2	4	0	ENSG00000111229.15	ARPC3
chr12:110436684-110437083	N_w	364	206	345	279	326	189	379	393	220	382	226	241	197	569	321	282	628	374	233	252	161	770	288	429	428	344	361	391	337	314	266	231	466	109	111	111	47	107	142	164	213	200	243	419	589	136	ENSG00000111229.15	ARPC3
chr12:110437153-110440311	N_w	166	103	162	126	155	77	196	139	112	175	93	98	110	253	150	124	277	167	111	110	93	338	124	175	186	141	163	155	150	136	126	91	209	49	35	44	20	37	44	56	92	63	116	182	246	51	ENSG00000111229.15	ARPC3
chr12:110437153-110445451	N_w	0	3	2	1	0	0	1	0	0	0	0	1	0	2	0	0	2	0	1	1	0	0	1	1	0	0	2	1	0	1	1	0	1	0	0	1	1	0	0	1	1	0	0	1	4	2	ENSG00000111229.15	ARPC3
chr12:110440389-110445451	N_w	208	106	289	173	252	102	457	363	185	234	164	161	280	442	150	234	458	310	212	311	174	476	211	230	379	257	256	227	278	209	192	149	267	40	61	73	34	80	118	81	129	162	190	271	296	94	ENSG00000111229.15	ARPC3
chr12:110443068-110445451	N_w	0	0	0	1	0	0	0	4	0	1	0	0	0	2	1	0	0	1	1	2	0	0	2	0	0	0	0	0	2	1	0	0	1	1	0	0	0	0	1	0	1	0	0	2	2	0	ENSG00000111229.15	ARPC3
chr12:110445552-110450254	N_w	36	13	110	57	37	10	283	214	51	83	45	45	115	153	124	72	127	108	104	117	48	140	65	31	142	54	89	66	103	37	29	9	60	4	29	18	19	36	53	52	80	65	62	37	39	31	ENSG00000111229.15	ARPC3
chr6:110100680-110101587	N_w	11	3	16	13	4	5	20	20	17	5	10	7	14	29	24	14	28	132	56	32	17	22	18	11	37	22	30	26	26	17	16	8	15	2	3	0	2	4	7	3	6	4	11	20	13	8	ENSG00000112290.12	WASF1
chr6:110102217-110103377	N_w	3	0	7	9	0	0	12	14	7	11	11	3	14	20	11	6	15	84	31	21	9	10	11	2	19	12	14	22	10	2	1	5	8	0	0	0	4	1	3	1	4	1	4	3	4	5	ENSG00000112290.12	WASF1
chr6:110103558-110105406	N_w	0	0	9	8	0	1	6	10	14	9	8	7	12	13	10	6	13	72	43	15	16	8	12	0	12	8	16	22	24	3	4	1	6	0	1	0	1	5	4	4	1	2	6	7	4	4	ENSG00000112290.12	WASF1
chr6:110105577-110107076	N_w	0	0	0	1	0	0	2	1	1	0	0	0	1	5	2	1	4	7	5	5	1	0	0	0	3	0	1	3	0	0	0	1	2	0	0	0	0	1	2	1	0	0	0	0	0	0	ENSG00000112290.12	WASF1
chr6:110105580-110107076	N_w	2	3	8	9	2	0	24	23	6	10	10	4	12	17	10	13	9	89	44	20	16	7	11	0	19	11	21	22	20	0	2	0	1	0	1	1	2	0	0	3	1	4	6	2	1	6	ENSG00000112290.12	WASF1
chr6:110107195-110108527	N_w	0	0	3	7	0	1	8	13	3	4	3	5	5	14	7	4	17	77	22	8	5	1	12	2	9	2	14	20	15	2	2	0	4	0	2	0	1	0	3	0	0	1	3	6	2	0	ENSG00000112290.12	WASF1
chr6:110108682-110113325	N_w	2	0	13	8	0	1	18	29	8	7	10	8	4	10	9	9	15	94	36	14	5	5	8	1	32	5	17	18	13	1	4	4	1	0	0	3	2	1	7	3	0	0	0	0	2	6	ENSG00000112290.12	WASF1
chr6:110113461-110127468	N_w	0	0	5	9	0	0	20	29	4	12	14	4	2	21	8	9	23	92	39	12	17	6	11	3	18	3	14	22	15	1	0	3	2	0	0	0	3	2	9	1	1	2	7	1	2	5	ENSG00000112290.12	WASF1
chr6:110127630-110160634	N_w	0	0	5	2	0	0	3	0	0	1	1	0	0	3	4	3	5	13	4	2	3	1	2	0	3	1	1	3	5	0	1	1	1	0	1	0	0	0	0	0	0	0	2	0	0	0	ENSG00000112290.12	WASF1
chr6:110127630-110178597	N_w	0	0	0	0	0	0	0	0	0	0	0	0	0	0	0	0	0	7	0	3	0	0	0	0	0	0	0	2	2	0	0	0	0	0	0	0	0	0	0	0	0	0	0	0	0	0	ENSG00000112290.12	WASF1
chr6:110127630-110179438	N_w	0	0	0	0	0	0	0	4	0	0	0	0	0	0	0	0	0	24	4	5	3	0	3	0	3	0	0	0	10	0	0	0	0	0	0	0	0	0	0	0	0	0	0	0	0	0	ENSG00000112290.12	WASF1
chr6:110160733-110178597	N_w	0	0	0	1	0	0	2	2	2	2	1	0	0	2	0	1	0	4	1	0	1	0	0	0	0	0	2	1	2	0	0	0	0	0	0	0	0	0	0	0	0	0	0	0	0	0	ENSG00000112290.12	WASF1
chr6:110160733-110179438	N_w	0	0	1	0	0	0	2	0	0	0	0	2	0	0	0	0	0	0	0	0	1	0	0	0	0	0	0	2	1	0	0	0	0	0	0	0	0	0	0	0	0	1	0	0	0	0	ENSG00000112290.12	WASF1
chr6:110177187-110178597	N_w	0	0	1	0	0	0	1	1	1	0	0	0	0	0	0	0	1	0	0	1	1	0	0	0	0	0	1	0	0	0	0	0	0	0	0	0	0	0	1	0	0	0	0	0	1	0	ENSG00000112290.12	WASF1
chr6:110178743-110179438	N_w	0	0	2	0	0	0	2	3	1	1	1	2	1	0	0	0	0	4	4	1	4	0	0	1	1	0	1	2	3	0	0	0	0	0	0	0	1	0	1	0	0	0	0	2	0	1	ENSG00000112290.12	WASF1
chr6:110178743-110179840	N_w	0	0	0	1	0	0	0	2	0	0	0	0	0	1	0	0	1	1	0	2	0	0	0	0	1	0	1	2	1	1	1	0	0	0	0	0	0	0	1	1	0	0	0	0	0	0	ENSG00000112290.12	WASF1
chr2:113890324-113913171	N_w	4	5	22	31	3	1	73	81	26	31	37	33	49	32	33	14	64	67	26	33	33	7	11	3	31	10	46	43	49	2	1	1	6	1	1	3	4	6	21	6	11	7	21	3	0	7	ENSG00000115091.11	ACTR3
chr2:113913228-113916883	N_w	2	5	30	43	3	1	67	61	28	65	51	52	50	77	33	36	113	90	47	41	29	21	21	3	42	17	80	65	71	3	7	2	18	0	0	5	4	12	26	4	8	9	41	4	1	20	ENSG00000115091.11	ACTR3
chr2:113917009-113927344	N_w	7	2	53	64	1	2	173	199	47	60	65	50	84	158	97	85	210	138	65	80	61	27	59	5	93	14	88	112	118	7	14	7	37	0	4	10	1	14	31	25	22	21	57	7	4	34	ENSG00000115091.11	ACTR3
chr2:113927456-113931300	N_w	9	5	43	94	1	6	171	222	67	109	99	88	88	203	88	94	251	152	100	95	65	28	71	11	74	23	101	143	144	10	18	3	40	0	9	9	10	24	32	29	44	34	66	13	24	57	ENSG00000115091.11	ACTR3
chr2:113931397-113934278	N_w	10	13	61	88	3	2	148	249	88	115	119	93	40	171	91	115	226	158	93	67	50	52	86	5	110	21	128	130	160	7	13	11	39	2	4	10	5	27	26	6	11	21	104	12	13	45	ENSG00000115091.11	ACTR3
chr2:113934387-113939958	N_w	8	7	41	58	8	0	52	56	70	69	58	69	60	145	45	88	199	139	68	55	25	24	35	5	43	17	97	124	126	10	9	5	20	0	4	8	8	18	31	21	15	26	37	12	3	31	ENSG00000115091.11	ACTR3
chr2:113940103-113942185	N_w	13	15	82	84	12	1	172	217	109	122	92	85	95	220	96	113	261	183	77	80	77	71	94	9	118	40	94	151	142	23	21	10	45	0	14	20	7	20	35	43	36	36	99	30	26	49	ENSG00000115091.11	ACTR3
chr2:113942360-113951478	N_w	28	20	85	93	15	12	40	86	72	108	106	101	40	237	88	112	260	162	95	24	24	59	105	19	70	37	69	147	185	25	23	15	76	2	6	13	9	16	29	12	11	26	95	34	35	44	ENSG00000115091.11	ACTR3
chr2:113951572-113951719	N_w	15	21	74	66	21	5	205	167	63	87	70	60	51	155	64	101	169	113	64	50	43	37	56	11	76	31	104	121	122	21	19	22	73	5	12	11	5	21	29	18	33	33	37	21	32	28	ENSG00000115091.11	ACTR3
chr2:113951846-113955622	N_w	19	21	78	85	24	18	124	143	81	103	91	107	94	201	81	113	250	153	100	79	36	54	55	23	110	55	108	152	157	30	39	13	108	5	16	20	17	28	33	28	32	49	75	43	45	48	ENSG00000115091.11	ACTR3
chr2:113955707-113957359	N_w	46	49	144	111	46	19	313	398	152	181	174	157	165	325	209	235	400	228	159	157	122	88	136	59	200	114	174	201	246	65	73	49	164	16	33	41	29	45	65	69	66	90	180	101	81	87	ENSG00000115091.11	ACTR3
chr12:54497892-54499354	N_w	0	0	3	5	0	0	25	29	2	5	8	2	2	13	7	4	19	1	4	3	2	5	11	0	9	0	5	8	10	0	0	0	0	0	0	0	0	0	3	1	3	0	3	0	0	1	ENSG00000123338.12	NCKAP1L
chr12:54499466-54500532	N_w	0	1	5	4	0	0	23	31	6	8	10	5	10	20	6	11	24	3	5	2	5	10	13	0	13	2	6	5	16	0	0	0	0	0	0	0	0	0	2	1	4	2	10	0	0	1	ENSG00000123338.12	NCKAP1L
chr12:54500626-54507852	N_w	0	0	3	5	0	0	16	18	6	4	5	7	3	14	4	5	13	1	3	1	2	8	10	0	6	2	1	6	5	0	0	1	0	0	0	0	0	2	4	1	2	0	8	0	2	0	ENSG00000123338.12	NCKAP1L
chr12:54507910-54508388	N_w	0	0	2	6	0	0	20	26	5	8	6	11	5	19	0	6	16	3	2	2	3	13	14	0	5	1	5	12	12	0	0	0	0	0	0	2	0	0	1	1	0	0	10	2	1	2	ENSG00000123338.12	NCKAP1L
chr12:54508532-54509668	N_w	0	0	5	6	0	0	9	8	10	11	6	4	4	6	1	4	14	1	6	3	1	6	10	0	5	0	8	9	8	0	1	0	0	0	0	0	1	2	0	2	0	0	5	5	0	0	ENSG00000123338.12	NCKAP1L
chr12:54509760-54509847	N_w	0	0	5	5	0	0	10	7	4	10	8	5	2	3	1	4	6	2	1	2	1	8	7	0	4	1	4	6	8	0	0	0	0	0	0	0	0	0	1	1	0	0	2	0	0	1	ENSG00000123338.12	NCKAP1L
chr12:54509986-54511802	N_w	0	0	4	2	0	0	11	14	6	1	7	6	0	5	4	8	12	1	2	3	0	9	15	1	6	0	4	10	10	1	0	0	0	0	0	0	1	0	1	1	1	0	3	0	1	0	ENSG00000123338.12	NCKAP1L
chr12:54511852-54511948	N_w	0	0	3	0	0	0	15	14	9	6	5	9	3	16	5	5	20	0	6	3	2	12	13	2	7	1	6	6	17	0	1	1	1	0	0	2	1	0	0	0	2	0	6	1	0	0	ENSG00000123338.12	NCKAP1L
chr12:54512106-54516238	N_w	0	0	6	5	0	0	20	23	8	17	9	14	7	12	8	14	28	1	5	3	4	9	19	3	15	2	9	15	17	0	3	0	0	0	0	1	0	0	3	0	2	0	12	0	1	0	ENSG00000123338.12	NCKAP1L
chr12:54516296-54516895	N_w	0	0	5	1	0	0	10	8	3	9	9	3	1	9	3	5	16	0	0	3	2	7	7	0	11	0	7	3	9	0	0	0	0	0	0	1	0	1	2	0	0	1	3	0	0	0	ENSG00000123338.12	NCKAP1L
chr12:54516993-54517532	N_w	0	0	5	5	0	0	11	9	1	7	5	5	5	6	3	8	11	2	2	2	6	7	10	0	7	0	5	5	8	2	0	0	0	0	0	0	0	0	0	0	2	0	5	0	0	0	ENSG00000123338.12	NCKAP1L
chr12:54517643-54517805	N_w	0	0	7	10	0	0	22	24	7	12	4	10	13	15	6	14	34	0	10	3	7	14	18	0	17	0	9	10	15	0	1	0	0	0	0	0	0	1	0	0	3	0	8	1	0	0	ENSG00000123338.12	NCKAP1L
chr12:54517939-54518650	N_w	2	1	6	5	0	0	7	6	7	9	8	7	7	15	5	10	15	1	4	2	2	5	10	0	4	1	5	10	16	0	2	1	0	0	0	0	1	1	2	2	0	2	7	1	0	0	ENSG00000123338.12	NCKAP1L
chr12:54518733-54518913	N_w	2	1	2	4	0	0	9	24	5	7	6	2	6	13	9	13	18	3	3	4	1	6	5	1	17	3	2	6	10	0	4	0	0	0	0	0	0	0	1	0	0	0	6	0	5	0	ENSG00000123338.12	NCKAP1L
chr12:54518973-54519186	N_w	0	0	5	3	0	0	9	14	8	12	4	0	2	14	5	6	21	3	5	2	3	8	9	0	8	1	2	8	7	0	2	0	2	0	0	0	0	2	1	0	2	0	8	2	1	1	ENSG00000123338.12	NCKAP1L
chr12:54519333-54520693	N_w	3	1	1	2	0	1	5	4	4	3	2	7	6	5	3	4	5	0	4	1	1	4	4	3	10	3	5	5	15	2	2	0	0	0	3	0	0	2	1	0	0	1	10	0	1	1	ENSG00000123338.12	NCKAP1L
chr12:54520827-54521118	N_w	3	0	12	8	0	2	22	22	5	9	4	8	15	16	10	6	17	4	5	4	2	10	10	5	19	4	6	10	23	1	1	0	0	0	0	4	0	3	1	2	2	0	9	4	1	0	ENSG00000123338.12	NCKAP1L
chr12:54521239-54523393	N_w	0	1	7	11	0	0	21	15	5	7	9	13	9	15	11	14	16	4	9	5	6	19	19	8	20	3	13	16	16	2	6	0	2	0	3	2	2	1	5	4	0	3	7	4	5	0	ENSG00000123338.12	NCKAP1L
chr12:54523540-54523824	N_w	2	1	8	2	3	1	13	24	8	8	10	6	15	13	10	4	14	2	8	1	4	8	21	10	18	5	16	14	11	1	3	0	2	0	0	0	0	0	5	0	1	1	10	2	1	0	ENSG00000123338.12	NCKAP1L
chr12:54523957-54526527	N_w	1	2	7	0	2	1	7	13	5	16	6	7	3	16	6	7	14	2	3	1	2	13	10	5	6	3	6	9	13	3	0	1	4	0	3	1	1	2	0	2	1	0	5	4	5	0	ENSG00000123338.12	NCKAP1L
chr12:54526747-54528246	N_w	3	1	11	6	6	0	14	12	6	10	3	3	7	11	12	8	13	2	9	2	0	13	11	13	20	1	8	7	17	2	5	1	5	0	3	2	1	1	3	2	2	1	17	2	5	0	ENSG00000123338.12	NCKAP1L
chr12:54528378-54531259	N_w	5	1	18	6	0	0	16	21	6	9	7	9	11	9	13	13	24	3	5	10	3	14	18	9	12	7	8	12	18	3	3	4	4	0	0	0	0	0	1	2	0	0	10	7	2	0	ENSG00000123338.12	NCKAP1L
chr12:54531358-54531490	N_w	7	7	10	15	4	4	25	23	8	24	9	7	13	14	10	16	24	4	8	4	5	22	27	18	18	3	11	16	15	7	7	7	12	4	3	2	0	3	2	9	3	1	13	3	1	0	ENSG00000123338.12	NCKAP1L
chr12:54531585-54531742	N_w	7	4	17	15	6	1	11	22	10	10	4	9	6	10	7	20	30	4	6	7	2	23	17	18	26	4	15	12	18	6	4	7	6	2	3	2	1	1	1	0	2	4	18	5	5	2	ENSG00000123338.12	NCKAP1L
chr12:54531826-54532169	N_w	9	2	14	9	9	2	10	12	7	13	5	2	7	8	5	6	19	4	4	4	3	28	12	20	10	5	8	10	13	4	7	2	8	1	3	3	0	1	3	0	2	1	3	8	6	0	ENSG00000123338.12	NCKAP1L
chr12:54532251-54535103	N_w	8	4	10	3	5	0	8	6	4	7	4	5	3	6	6	8	9	1	4	1	0	13	16	3	12	8	7	8	8	1	3	6	6	0	0	2	0	2	3	1	2	0	8	8	5	1	ENSG00000123338.12	NCKAP1L
chr12:54535198-54536128	N_w	5	0	6	10	5	6	15	19	10	13	8	12	18	14	14	15	19	5	5	4	8	21	23	16	20	10	12	12	18	12	13	6	8	4	1	4	7	0	4	2	7	3	9	9	7	0	ENSG00000123338.12	NCKAP1L
chr12:54536246-54536943	N_w	8	6	12	9	10	3	37	27	7	12	4	4	10	20	25	12	26	6	5	4	9	23	30	28	21	11	13	9	14	4	12	15	12	6	10	3	4	1	4	4	7	4	14	14	13	1	ENSG00000123338.12	NCKAP1L
chr12:54537054-54538883	N_w	17	9	14	1	5	3	8	16	3	4	7	1	3	13	3	4	17	3	3	3	5	15	15	13	8	6	9	2	13	5	4	3	11	5	4	0	2	1	0	0	4	3	6	13	6	1	ENSG00000123338.12	NCKAP1L
chr12:54538974-54542574	N_w	23	10	19	5	10	17	10	20	11	12	8	9	6	24	22	13	26	3	5	3	2	30	18	45	16	15	16	18	14	12	8	17	10	20	8	1	1	4	2	4	2	5	12	14	23	0	ENSG00000123338.12	NCKAP1L
chr7:99374782-99385701	N_w	1	0	9	0	2	0	20	20	3	2	3	3	10	2	8	1	2	7	7	15	6	4	6	0	17	3	7	7	9	0	1	0	1	0	0	0	3	2	2	3	10	4	7	0	1	4	ENSG00000130429.12	ARPC1B
chr7:99377440-99385701	N_w	0	0	1	0	0	0	4	1	2	0	0	0	2	3	0	0	2	0	0	1	1	2	4	0	1	1	0	0	1	0	0	0	0	1	0	0	0	0	0	0	2	0	1	0	0	0	ENSG00000130429.12	ARPC1B
chr7:99377456-99385701	N_w	0	1	1	1	2	0	3	4	7	5	0	1	1	5	3	2	2	3	1	4	2	2	1	0	5	0	1	0	0	0	0	0	4	0	2	0	0	0	2	0	2	0	2	0	2	2	ENSG00000130429.12	ARPC1B
chr7:99385779-99386684	N_w	9	10	53	30	13	4	64	56	30	38	21	37	47	31	37	14	48	54	42	72	35	41	34	14	66	23	32	37	47	8	15	5	21	1	5	7	9	20	25	12	66	12	17	10	14	20	ENSG00000130429.12	ARPC1B
chr7:99386790-99388038	N_w	7	11	45	19	16	4	95	79	34	41	38	29	39	48	34	19	58	59	37	55	31	52	54	19	70	17	41	54	52	4	7	9	31	5	18	8	13	11	25	20	82	13	33	7	19	28	ENSG00000130429.12	ARPC1B
chr7:99388262-99389904	N_w	19	15	52	26	22	13	104	72	39	37	37	44	46	60	40	24	51	59	45	77	57	59	30	43	80	10	61	54	64	13	5	17	27	17	18	11	9	14	27	21	75	19	42	22	40	26	ENSG00000130429.12	ARPC1B
chr7:99390013-99390892	N_w	13	13	53	13	19	7	39	33	25	23	16	22	26	49	21	21	65	54	39	35	15	69	43	18	40	26	37	46	37	15	14	15	31	10	6	3	10	9	24	9	33	15	32	32	34	15	ENSG00000130429.12	ARPC1B
chr7:99391100-99391177	N_w	57	31	74	32	53	30	88	88	54	50	50	54	70	55	72	17	87	80	64	99	62	70	42	78	116	65	92	65	85	51	25	42	99	24	22	18	25	26	33	27	145	26	54	79	72	43	ENSG00000130429.12	ARPC1B
chr7:99391254-99392670	N_w	41	27	73	25	50	16	55	54	48	32	44	47	30	31	34	12	60	56	33	44	19	49	30	60	83	42	57	46	59	33	30	29	59	26	13	13	15	13	18	14	56	16	25	49	63	16	ENSG00000130429.12	ARPC1B
chr7:99392877-99394028	N_w	70	52	69	15	55	23	64	59	30	11	24	48	47	15	45	3	47	50	30	36	27	32	12	98	102	47	82	66	67	37	22	36	66	52	30	7	16	13	19	21	87	15	20	60	67	20	ENSG00000130429.12	ARPC1B
chr7:99392877-99394032	N_w	1	0	1	0	1	0	2	1	0	0	0	0	0	0	0	0	1	0	0	1	0	0	0	1	1	1	2	1	0	0	0	4	1	0	0	0	0	1	0	0	1	1	0	1	1	0	ENSG00000130429.12	ARPC1B
chr7:99394120-99394450	N_w	48	25	67	25	62	15	33	49	29	34	26	39	23	46	44	20	48	56	42	46	20	68	31	105	69	54	54	64	55	47	27	34	84	44	35	25	21	23	17	17	81	21	32	59	65	19	ENSG00000130429.12	ARPC1B
chr13:26557820-26612960	N_w	0	0	0	0	0	0	2	0	0	0	0	0	0	0	0	0	0	3	0	3	0	0	0	0	0	0	2	0	2	0	0	0	0	0	0	0	0	0	0	0	0	0	0	0	0	0	ENSG00000132970.12	WASF3
chr13:26613059-26642260	N_w	0	0	0	0	0	0	5	1	0	0	1	0	0	1	0	0	0	24	3	11	2	1	3	0	9	0	2	6	2	0	0	0	0	0	0	0	1	0	1	0	1	0	0	0	0	1	ENSG00000132970.12	WASF3
chr13:26642404-26665027	N_w	0	0	1	5	0	0	2	2	1	0	1	2	1	3	0	1	2	67	19	5	6	1	7	0	11	1	7	15	10	0	1	0	0	0	0	0	3	1	1	0	1	0	0	0	0	2	ENSG00000132970.12	WASF3
chr13:26665163-26667516	N_w	0	0	1	0	0	0	4	6	4	2	0	3	4	4	0	0	1	47	21	14	8	2	8	4	11	0	9	10	11	0	0	0	0	0	0	1	5	0	1	0	6	0	3	0	0	0	ENSG00000132970.12	WASF3
chr13:26667671-26671871	N_w	0	0	2	4	0	0	4	3	0	0	0	0	0	2	0	0	5	31	13	7	5	0	6	0	10	0	8	8	5	0	0	0	0	0	0	0	0	0	0	0	0	0	0	0	0	2	ENSG00000132970.12	WASF3
chr13:26671990-26676548	N_w	0	0	1	1	0	0	4	4	2	0	3	1	0	2	1	0	3	57	25	14	5	3	11	0	13	0	6	4	10	0	0	0	0	0	0	1	3	0	0	5	0	1	0	0	0	0	ENSG00000132970.12	WASF3
chr13:26671990-26680034	N_w	0	0	0	1	0	0	4	2	1	0	0	0	0	3	0	0	1	8	3	5	0	2	1	0	1	0	1	2	3	0	0	1	0	0	1	0	1	0	1	1	0	0	0	0	0	3	ENSG00000132970.12	WASF3
chr13:26676725-26681053	N_w	0	0	2	2	0	0	1	5	2	0	0	2	0	2	0	0	1	28	20	10	11	4	9	0	12	0	1	3	10	0	0	0	0	0	0	0	0	0	0	1	1	0	0	0	0	0	ENSG00000132970.12	WASF3
chr13:26680202-26681053	N_w	0	0	0	0	0	0	2	0	0	1	0	0	0	1	1	1	0	7	3	3	1	2	4	0	2	0	2	4	3	0	0	0	0	0	0	0	1	1	0	0	0	0	0	0	0	2	ENSG00000132970.12	WASF3
chr13:26681321-26682606	N_w	0	0	2	2	0	0	1	2	1	0	0	3	0	1	0	0	0	19	15	4	6	1	0	2	9	1	4	0	8	0	0	0	0	0	0	0	2	0	0	2	1	0	0	0	0	3	ENSG00000132970.12	WASF3
chr13:26682975-26685687	N_w	0	0	1	0	0	0	2	0	2	1	0	0	1	4	1	0	3	40	19	7	5	4	7	0	2	0	0	5	6	0	1	0	0	0	0	3	1	0	0	3	3	3	0	0	0	4	ENSG00000132970.12	WASF3
chr7:152759927-152783186	N_w	0	0	0	1	0	0	1	0	2	1	1	0	1	1	0	0	0	2	1	2	1	0	1	0	2	1	1	0	1	0	1	0	1	0	0	0	0	1	1	0	0	0	0	0	0	0	ENSG00000133627.17	ACTR3B
chr7:152759927-152800530	N_w	0	0	0	0	0	0	4	3	2	0	0	0	0	0	0	0	0	1	0	1	0	0	0	0	1	0	1	0	2	1	1	0	0	0	0	0	0	0	0	0	0	0	0	0	0	1	ENSG00000133627.17	ACTR3B
chr7:152783243-152800530	N_w	0	0	4	1	0	0	1	0	2	2	1	0	0	2	1	2	2	6	7	2	0	2	1	0	3	1	0	3	4	0	0	0	0	0	1	0	0	1	3	0	0	1	0	0	0	0	ENSG00000133627.17	ACTR3B
chr7:152800656-152801620	N_w	0	0	3	1	0	0	8	9	4	8	6	3	8	9	2	6	11	27	19	15	5	13	4	0	20	0	6	9	6	1	4	1	1	0	2	2	4	2	6	5	4	4	2	1	3	4	ENSG00000133627.17	ACTR3B
chr7:152801732-152811696	N_w	0	0	1	0	0	0	1	2	0	1	0	1	3	0	3	0	1	1	0	0	1	0	0	0	0	0	0	1	1	1	1	0	0	0	0	1	0	0	3	2	3	0	0	0	1	3	ENSG00000133627.17	ACTR3B
chr7:152801732-152814549	N_w	1	0	3	8	2	2	12	24	2	14	4	5	6	14	6	7	14	39	23	28	11	7	20	5	12	2	12	9	6	3	0	1	2	0	1	2	1	0	7	3	1	4	2	3	2	10	ENSG00000133627.17	ACTR3B
chr7:152811734-152814549	N_w	1	0	0	0	0	0	2	1	0	1	0	2	4	1	3	0	1	1	2	0	1	0	0	0	3	0	1	2	1	0	1	0	0	0	0	1	0	0	2	0	3	0	0	0	1	1	ENSG00000133627.17	ACTR3B
chr7:152814646-152816480	N_w	1	0	7	3	1	0	14	15	6	13	3	4	7	8	3	5	8	30	16	10	15	4	13	2	14	1	5	16	5	4	0	1	4	0	5	4	1	1	5	5	4	4	1	0	3	6	ENSG00000133627.17	ACTR3B
chr7:152816589-152820298	N_w	2	1	7	11	4	0	5	11	5	9	6	3	9	20	4	6	10	39	20	13	4	6	6	4	14	6	3	12	6	0	1	1	5	2	2	5	1	12	7	5	0	10	5	3	4	10	ENSG00000133627.17	ACTR3B
chr7:152820348-152823341	N_w	0	1	0	1	0	0	0	1	0	1	1	0	0	0	2	0	1	1	1	1	2	0	0	3	1	1	2	1	2	0	0	0	0	0	0	0	2	0	1	1	0	1	0	0	2	1	ENSG00000133627.17	ACTR3B
chr7:152820443-152823341	N_w	1	1	5	4	4	0	26	10	5	11	9	0	13	9	6	6	7	26	18	14	21	12	19	2	12	8	11	9	10	1	0	0	8	1	11	9	4	10	15	10	7	18	4	5	6	24	ENSG00000133627.17	ACTR3B
chr7:152823516-152825029	N_w	4	5	4	3	4	4	14	15	6	10	3	9	7	18	8	4	13	20	24	15	17	7	13	4	18	4	11	15	13	8	2	1	9	2	5	3	7	5	6	8	2	11	2	12	6	6	ENSG00000133627.17	ACTR3B
chr7:152825123-152842483	N_w	0	0	3	0	1	0	0	0	2	1	0	0	0	1	2	0	6	1	0	1	3	0	0	0	2	0	2	1	1	1	2	0	2	0	0	0	0	1	0	2	0	2	0	1	0	1	ENSG00000133627.17	ACTR3B
chr7:152825123-152852125	N_w	7	2	8	5	2	1	9	11	2	11	2	4	8	6	6	3	13	32	24	24	12	10	12	4	7	7	11	8	5	1	4	2	10	2	5	5	3	9	6	10	2	6	0	1	4	5	ENSG00000133627.17	ACTR3B
chr7:152825123-152854457	N_w	2	0	1	0	0	0	0	0	0	0	0	1	1	0	0	0	0	0	1	1	0	0	1	0	0	0	0	0	0	1	0	0	0	0	0	1	0	0	0	0	0	0	0	0	0	0	ENSG00000133627.17	ACTR3B
chr7:152852252-152853493	N_w	4	5	9	4	5	1	1	2	3	6	7	7	4	7	3	0	7	19	20	3	3	5	5	5	13	10	3	4	4	2	5	1	8	3	4	5	1	4	3	3	0	5	0	11	2	5	ENSG00000133627.17	ACTR3B
chr7:152853578-152854457	N_w	8	3	12	7	4	4	9	4	8	6	7	3	9	5	2	1	7	16	21	28	12	4	3	18	10	15	9	9	5	11	11	2	9	0	4	7	3	8	9	0	3	6	4	10	10	10	ENSG00000133627.17	ACTR3B
chr6:138424817-138429710	N_w	2	0	1	4	1	0	12	7	6	6	6	4	1	15	1	2	5	10	8	5	8	4	11	3	13	3	7	8	6	4	3	2	1	0	4	1	2	7	8	5	8	10	1	12	1	15	ENSG00000135540.11	NHSL1
chr6:138429844-138430392	N_w	3	0	2	1	0	2	5	4	4	1	3	2	2	5	0	1	10	10	12	5	1	2	6	8	5	0	16	8	8	3	7	2	0	0	1	3	1	4	4	9	3	2	1	1	0	17	ENSG00000135540.11	NHSL1
chr6:138433681-138441982	N_w	0	0	2	0	0	0	1	4	1	0	5	5	0	5	0	2	3	11	8	8	4	2	8	0	3	0	4	4	4	0	0	0	0	0	0	0	0	2	5	2	0	0	2	1	0	5	ENSG00000135540.11	NHSL1
chr6:138433681-138447000	N_w	0	0	0	0	0	0	3	2	0	0	0	2	0	2	1	0	0	11	1	1	3	0	3	0	1	0	0	1	2	0	0	0	0	0	0	0	1	1	0	1	2	0	0	0	0	4	ENSG00000135540.11	NHSL1
chr6:138442115-138447000	N_w	0	0	1	2	0	0	2	11	2	0	4	3	0	3	0	1	4	5	5	5	3	0	6	0	10	0	5	6	2	0	0	0	0	0	0	0	1	0	0	0	0	1	0	0	0	6	ENSG00000135540.11	NHSL1
chr6:138447194-138473305	N_w	2	1	2	8	0	1	5	6	0	7	4	5	0	11	0	4	5	14	7	0	5	6	11	2	7	0	8	6	7	0	2	1	3	0	2	8	1	0	2	0	6	5	0	1	2	10	ENSG00000135540.11	NHSL1
chr6:138473434-138496218	N_w	0	1	2	1	1	0	18	12	2	4	2	2	1	9	4	3	9	32	15	8	11	5	7	4	14	2	8	10	9	0	2	0	5	0	1	5	0	1	3	6	5	3	3	0	3	15	ENSG00000135540.11	NHSL1
chr6:138496372-138499232	N_w	2	0	2	2	0	1	4	1	2	2	2	1	0	1	2	2	4	8	5	1	0	4	9	1	0	1	4	3	3	1	0	0	1	0	0	2	0	2	3	2	1	0	0	0	1	6	ENSG00000135540.11	NHSL1
chr6:138496372-138545622	N_w	0	0	0	1	0	0	2	2	0	0	0	0	1	0	0	1	0	0	2	0	0	0	1	0	0	0	0	3	3	0	0	0	0	0	0	0	0	0	0	0	0	0	0	0	0	0	ENSG00000135540.11	NHSL1
chr10:26748746-26751597	N_w	6	6	9	29	3	5	41	46	12	26	20	15	32	33	22	23	45	70	20	22	22	23	24	9	18	17	18	31	34	6	15	11	20	3	11	8	6	11	13	10	13	14	19	18	4	18	ENSG00000136754.16	ABI1
chr10:26751784-26755654	N_w	1	3	10	17	5	2	23	26	15	13	9	15	14	19	10	8	23	63	34	25	18	13	23	1	28	1	12	20	11	4	2	2	4	0	6	4	5	10	14	13	19	13	10	5	4	17	ENSG00000136754.16	ABI1
chr10:26751784-26759061	N_w	1	1	8	7	2	1	33	34	11	10	10	8	12	15	12	6	26	9	5	11	6	3	9	0	17	5	6	11	25	2	3	0	5	0	1	3	4	3	3	3	6	4	13	2	3	7	ENSG00000136754.16	ABI1
chr10:26751784-26765217	N_w	0	2	1	1	0	0	8	9	6	4	4	3	12	6	3	0	7	1	1	3	0	2	4	1	4	0	4	5	6	0	0	0	0	0	0	0	1	0	1	2	4	0	5	0	0	2	ENSG00000136754.16	ABI1
chr10:26755742-26759061	N_w	0	1	4	7	2	0	14	17	7	11	5	11	2	29	6	8	18	51	31	25	17	15	18	0	20	2	11	16	15	0	3	2	3	0	5	6	0	8	8	14	12	4	2	2	1	16	ENSG00000136754.16	ABI1
chr10:26759236-26765217	N_w	0	1	2	1	0	0	8	4	9	8	3	3	6	12	6	2	17	13	8	12	11	5	10	2	6	2	10	11	13	0	1	1	2	0	2	0	1	2	5	2	4	9	2	3	0	7	ENSG00000136754.16	ABI1
chr10:26759239-26765217	N_w	0	2	8	17	1	0	21	34	11	18	13	13	27	37	12	13	33	55	29	12	19	10	32	1	19	6	21	24	17	1	0	0	0	0	0	4	7	10	14	12	20	5	14	3	1	14	ENSG00000136754.16	ABI1
chr10:26765319-26768851	N_w	3	1	12	21	0	1	24	32	23	35	17	18	20	42	14	16	54	66	33	17	29	18	35	0	33	8	28	38	36	1	3	2	6	1	0	4	3	9	15	14	11	8	17	1	1	20	ENSG00000136754.16	ABI1
chr10:26768993-26770244	N_w	0	3	18	11	2	0	68	39	11	43	23	15	35	31	17	20	41	48	30	17	25	8	30	1	40	4	15	21	36	1	2	0	5	1	2	4	5	7	5	7	9	6	18	4	5	20	ENSG00000136754.16	ABI1
chr10:26770346-26771074	N_w	0	0	1	1	0	0	1	3	2	0	0	0	1	0	2	2	1	2	0	0	0	0	1	0	2	0	1	0	2	0	1	0	0	0	0	0	0	0	0	0	1	0	0	0	1	0	ENSG00000136754.16	ABI1
chr10:26770346-26777064	N_w	0	0	8	11	0	2	10	25	15	19	8	8	21	18	18	9	32	36	23	20	21	5	23	0	15	3	17	18	16	0	2	0	1	0	4	3	0	7	5	5	11	1	9	2	0	17	ENSG00000136754.16	ABI1
chr10:26771090-26777064	N_w	0	0	0	2	0	0	1	2	1	0	0	0	1	0	0	0	0	2	1	0	0	0	0	0	0	0	0	0	0	0	1	0	0	0	0	0	0	0	0	0	0	0	0	0	1	0	ENSG00000136754.16	ABI1
chr10:26777242-26823137	N_w	0	0	2	24	0	0	27	35	16	17	8	18	12	40	17	14	50	69	26	21	17	8	15	0	29	1	32	42	40	1	1	0	4	0	0	3	3	6	8	6	5	7	17	3	0	7	ENSG00000136754.16	ABI1
chr10:26823306-26835314	N_w	0	0	0	0	0	0	1	0	0	0	0	1	0	1	0	1	2	1	0	0	0	0	0	0	0	0	0	0	1	0	0	0	0	0	0	0	0	0	1	1	0	0	1	0	0	0	ENSG00000136754.16	ABI1
chr10:26823306-26860746	N_w	0	0	5	25	1	2	34	37	9	32	21	28	25	38	14	20	34	70	31	26	16	9	32	1	35	2	23	31	25	0	0	1	1	0	2	1	7	7	9	10	13	10	21	3	4	11	ENSG00000136754.16	ABI1
chr2:65227958-65239851	N_w	0	0	2	29	0	0	74	87	26	37	26	29	51	41	12	8	42	92	56	59	45	11	34	4	46	11	38	44	46	0	1	0	0	0	0	3	6	8	14	11	10	6	20	0	1	13	ENSG00000138071.13	ACTR2
chr2:65239963-65246523	N_w	4	3	17	23	2	1	82	118	39	55	25	31	52	75	21	36	82	121	90	84	69	16	59	2	70	4	45	74	66	3	3	0	3	0	2	5	5	11	19	10	14	7	19	1	1	21	ENSG00000138071.13	ACTR2
chr2:65246740-65251026	N_w	0	0	21	51	1	1	104	139	59	80	41	49	56	110	41	43	128	192	105	83	83	32	78	2	132	10	73	107	129	5	3	1	1	0	1	10	7	18	30	16	14	13	25	2	2	33	ENSG00000138071.13	ACTR2
chr2:65251100-65253727	N_w	2	0	29	57	2	0	74	106	34	86	55	49	53	104	30	47	124	240	99	67	45	28	90	1	109	10	82	119	103	3	2	0	6	0	0	6	5	18	20	13	6	21	27	4	3	46	ENSG00000138071.13	ACTR2
chr2:65253865-65255544	N_w	4	1	39	54	1	1	114	173	39	89	48	57	57	89	27	50	132	210	113	102	72	33	85	1	115	16	94	125	97	5	12	1	8	0	3	10	4	18	22	25	29	9	46	9	7	52	ENSG00000138071.13	ACTR2
chr2:65255695-65261246	N_w	7	1	30	68	1	4	109	133	38	89	63	60	41	114	29	56	148	236	138	102	55	44	95	4	119	18	112	131	105	11	10	1	3	4	1	8	5	18	34	28	18	21	21	6	4	54	ENSG00000138071.13	ACTR2
chr2:65255695-65265042	N_w	0	0	0	0	0	1	1	0	0	0	0	0	0	1	0	0	0	2	2	0	0	0	3	0	0	0	0	0	1	0	0	0	0	0	0	0	1	1	0	0	0	0	0	0	0	0	ENSG00000138071.13	ACTR2
chr2:65261393-65265042	N_w	10	2	39	64	5	0	140	218	54	123	62	91	66	128	37	65	189	269	153	115	79	51	123	19	141	25	110	146	128	12	6	7	11	2	5	12	6	25	45	27	35	16	56	12	5	63	ENSG00000138071.13	ACTR2
chr2:65265176-65268563	N_w	4	7	40	57	9	1	91	127	51	84	45	55	51	112	44	59	152	256	106	96	58	56	95	9	76	17	96	139	109	15	16	0	14	2	5	10	7	16	27	13	21	20	45	12	21	46	ENSG00000138071.13	ACTR2
chr2:203328632-203366876	N_w	0	0	9	7	0	0	11	12	6	6	5	3	10	12	4	6	21	86	28	17	11	8	11	3	20	5	11	19	23	3	2	2	2	1	0	2	0	2	3	1	1	1	8	3	0	0	ENSG00000138443.15	ABI2
chr2:203328632-203366880	N_w	0	0	2	0	0	0	0	1	0	2	1	0	0	0	0	0	1	4	2	0	1	0	1	0	3	1	1	0	1	0	0	0	0	0	0	0	0	0	0	0	0	0	0	0	0	1	ENSG00000138443.15	ABI2
chr2:203351679-203366876	N_w	0	0	1	0	0	0	1	2	0	0	0	1	0	0	0	0	1	3	1	0	0	0	0	0	0	0	0	0	1	0	0	0	0	0	0	0	0	0	0	0	0	0	0	0	0	0	ENSG00000138443.15	ABI2
chr2:203367045-203376056	N_w	0	0	0	0	0	0	0	4	0	0	2	3	3	1	1	1	0	1	4	0	0	0	1	0	0	0	2	0	3	0	1	0	0	0	0	0	0	0	1	0	0	0	1	0	0	0	ENSG00000138443.15	ABI2
chr2:203367045-203380207	N_w	0	1	9	3	1	2	4	10	6	12	4	7	4	10	3	5	15	75	19	13	13	15	15	0	7	6	10	19	10	1	3	0	8	0	0	0	0	2	2	2	0	2	3	4	2	1	ENSG00000138443.15	ABI2
chr2:203376133-203380207	N_w	0	0	3	0	0	0	1	1	1	2	1	1	0	1	2	1	0	6	1	4	0	0	0	0	1	2	1	0	3	0	0	0	0	0	0	1	0	0	1	0	0	0	0	0	0	0	ENSG00000138443.15	ABI2
chr2:203380385-203383242	N_w	0	0	0	0	0	0	0	0	1	0	1	0	0	1	5	0	0	2	0	0	0	0	0	0	1	1	0	0	3	0	0	0	0	0	0	0	0	0	0	0	0	1	0	0	0	0	ENSG00000138443.15	ABI2
chr2:203380385-203391045	N_w	2	2	3	7	1	0	14	17	3	14	10	5	9	9	9	6	20	59	19	14	5	9	17	1	10	8	6	22	8	0	1	0	5	1	1	3	2	1	3	4	0	1	8	2	1	2	ENSG00000138443.15	ABI2
chr2:203383322-203391045	N_w	0	0	0	1	0	0	0	1	0	2	0	2	0	3	2	1	1	3	0	0	1	0	0	0	0	4	0	2	1	0	1	0	0	0	0	0	0	1	0	0	0	1	0	0	0	0	ENSG00000138443.15	ABI2
chr2:203391144-203394699	N_w	4	5	14	8	2	1	19	14	9	13	11	9	32	18	8	6	18	103	41	32	43	24	22	2	18	10	19	22	12	2	7	5	14	3	0	1	6	6	6	8	7	3	13	3	4	8	ENSG00000138443.15	ABI2
chr2:203391144-203395655	N_w	0	0	0	0	0	0	0	1	0	0	0	1	1	0	0	0	0	3	1	0	3	0	0	1	1	0	0	0	0	0	1	0	1	1	0	0	0	0	0	0	0	0	0	1	2	0	ENSG00000138443.15	ABI2
chr2:203394847-203395655	N_w	7	3	7	14	5	2	15	23	7	19	11	14	11	15	15	7	17	119	58	24	17	16	25	3	28	17	16	21	17	6	12	5	6	3	1	2	5	0	3	2	7	0	9	1	10	8	ENSG00000138443.15	ABI2
chr2:203394847-203395658	N_w	1	1	0	1	0	0	5	3	4	3	3	2	3	4	1	1	2	12	1	3	2	0	5	0	2	0	3	3	1	0	0	0	6	0	1	0	1	1	0	0	0	0	0	1	0	0	ENSG00000138443.15	ABI2
chr2:203394847-203402575	N_w	0	0	0	0	0	0	1	2	0	0	0	1	0	1	1	0	0	1	0	0	0	0	0	0	0	0	0	1	1	1	0	0	2	0	0	0	1	0	0	1	0	0	0	0	0	0	ENSG00000138443.15	ABI2
chr2:203395781-203402575	N_w	3	5	6	4	1	0	22	12	7	8	6	10	7	13	5	5	10	57	25	21	22	11	22	3	15	5	7	21	20	2	6	0	17	1	1	5	0	2	0	2	4	0	3	6	6	5	ENSG00000138443.15	ABI2
chr2:203402735-203411284	N_w	7	6	12	3	4	0	4	9	7	7	5	8	3	14	8	3	13	33	20	8	13	3	14	2	10	5	3	12	6	6	2	3	13	0	1	2	1	2	2	1	0	1	6	3	3	0	ENSG00000138443.15	ABI2
chr2:203402735-203416907	N_w	7	7	7	5	5	0	18	18	3	11	9	4	15	12	4	9	9	69	25	15	23	6	9	4	8	12	8	12	17	7	7	5	14	5	2	4	1	3	3	0	5	2	7	8	4	4	ENSG00000138443.15	ABI2
chr2:203402735-203416913	N_w	0	0	0	0	0	0	0	0	0	0	0	0	0	0	0	1	0	2	2	1	3	1	0	0	1	0	2	0	0	1	0	0	2	0	0	0	0	0	0	0	0	0	0	0	0	0	ENSG00000138443.15	ABI2
chr2:203411372-203416907	N_w	7	8	7	8	6	0	22	21	8	7	8	9	13	11	11	13	19	81	28	26	34	9	16	9	22	7	11	15	20	4	12	3	17	4	1	6	0	2	7	10	5	2	4	5	9	2	ENSG00000138443.15	ABI2
chr2:203411372-203416913	N_w	1	0	1	0	0	0	2	3	0	0	0	1	2	0	1	0	0	6	1	1	1	2	4	0	2	1	2	0	0	0	1	0	1	0	0	1	0	0	0	0	0	0	0	0	1	0	ENSG00000138443.15	ABI2
chr2:203417082-203427176	N_w	4	15	13	7	6	4	8	6	4	17	7	11	12	17	10	6	19	100	41	10	8	38	12	6	15	12	9	24	23	9	14	8	24	6	1	3	2	2	3	3	0	1	12	11	20	4	ENSG00000138443.15	ABI2
chr2:203427270-203427495	N_w	1	0	0	2	0	4	1	0	0	3	1	1	5	0	0	3	3	6	5	2	0	5	0	4	5	0	4	0	0	3	2	0	1	1	2	0	0	0	0	1	0	0	0	4	1	1	ENSG00000138443.15	ABI2
chr1:27408347-27409691	N_w	0	6	18	31	0	1	47	40	14	28	28	23	18	27	25	20	102	83	28	13	6	7	13	0	23	0	26	59	47	0	2	3	6	0	0	0	0	4	1	1	2	1	11	3	2	5	ENSG00000158195.10	WASF2
chr1:27410207-27412571	N_w	1	2	10	10	0	0	32	38	11	20	13	20	23	28	7	20	48	56	22	17	19	2	14	0	12	0	21	26	33	0	3	0	9	0	2	0	1	0	0	0	3	1	18	0	1	0	ENSG00000158195.10	WASF2
chr1:27412728-27414832	N_w	1	0	20	17	1	0	26	38	15	28	22	15	27	28	6	34	50	53	18	11	5	5	13	1	20	2	27	45	28	1	5	0	4	0	0	1	4	4	3	1	4	1	12	4	0	2	ENSG00000158195.10	WASF2
chr1:27414964-27415984	N_w	1	8	29	49	5	0	150	133	16	55	46	47	35	49	31	44	116	133	61	34	31	14	27	0	30	5	40	91	51	0	7	0	6	0	2	1	0	4	3	5	3	1	30	2	7	1	ENSG00000158195.10	WASF2
chr1:27416103-27418268	N_w	1	0	18	33	1	3	91	142	20	54	52	46	64	58	23	44	94	103	50	25	40	11	22	0	39	3	30	64	61	1	5	0	6	0	3	0	0	5	4	3	4	4	47	4	2	4	ENSG00000158195.10	WASF2
chr1:27418423-27418953	N_w	0	1	17	32	2	1	104	131	25	55	60	50	46	46	34	41	107	88	28	32	25	2	22	0	50	1	38	62	78	0	1	0	11	2	2	0	0	2	9	2	6	0	38	5	1	5	ENSG00000158195.10	WASF2
chr1:27419089-27428760	N_w	0	4	4	7	1	0	16	10	5	17	10	16	12	23	6	19	41	27	16	3	3	0	4	0	7	0	13	21	17	1	0	0	4	0	0	0	1	1	1	2	0	0	13	0	0	0	ENSG00000158195.10	WASF2
chr1:27428934-27489985	N_w	0	4	7	11	0	0	60	45	7	13	11	25	23	9	10	2	26	28	13	10	12	0	10	0	13	3	18	22	24	2	0	0	3	0	0	2	0	0	0	0	3	2	4	0	0	3	ENSG00000158195.10	WASF2
chr1:32742190-32767786	N_w	0	2	1	2	1	0	10	6	0	1	0	6	2	2	1	0	2	3	1	2	3	0	2	0	9	1	7	3	12	1	0	0	0	0	0	0	0	1	0	0	0	0	0	1	0	2	ENSG00000162522.10	KIAA1522
chr1:32754181-32767786	N_w	0	0	0	0	0	0	1	1	0	0	0	0	0	0	0	0	2	8	0	5	0	0	0	0	4	0	4	1	1	0	0	0	0	0	0	0	0	1	0	0	1	0	0	0	0	0	ENSG00000162522.10	KIAA1522
chr1:32767958-32768061	N_w	3	4	6	6	0	0	26	20	8	9	10	9	9	22	3	6	21	53	14	17	14	7	14	4	15	6	19	21	13	1	2	3	0	0	1	0	3	3	1	3	10	1	0	1	0	1	ENSG00000162522.10	KIAA1522
chr1:32768118-32768651	N_w	1	1	7	13	3	0	16	23	7	11	12	6	16	13	2	5	12	54	16	19	12	8	26	3	24	3	20	18	14	1	3	5	9	0	1	1	3	2	4	5	8	2	1	0	2	1	ENSG00000162522.10	KIAA1522
chr1:32768776-32769672	N_w	0	0	3	5	0	0	5	5	2	9	3	8	2	19	0	3	14	29	17	10	7	4	9	0	6	1	7	11	10	0	0	0	0	0	0	0	0	0	0	1	2	1	0	1	0	2	ENSG00000162522.10	KIAA1522
chr1:32769787-32769879	N_w	0	0	1	3	0	0	8	6	1	6	6	8	9	5	0	2	5	25	13	6	5	1	5	0	7	0	11	13	8	0	1	0	0	0	0	0	1	0	0	2	2	0	1	2	0	4	ENSG00000162522.10	KIAA1522
chr1:32772442-32772864	N_w	2	0	1	9	0	0	30	15	6	17	12	10	7	12	3	3	13	47	21	20	8	2	16	3	26	2	18	20	21	4	4	5	0	0	0	0	1	3	0	2	10	1	3	2	7	9	ENSG00000162522.10	KIAA1522
chr1:183627595-183630460	N_w	1	3	18	13	12	2	12	16	13	16	21	20	11	35	18	28	46	46	15	8	9	32	26	2	18	16	18	24	23	3	9	2	13	3	0	11	5	10	14	14	7	8	13	6	10	17	ENSG00000162704.15	ARPC5
chr1:183630638-183633081	N_w	22	11	36	29	8	9	105	83	28	33	28	43	36	54	25	20	97	87	49	46	33	27	47	11	71	30	48	49	59	4	11	6	25	1	5	9	10	18	28	27	25	21	34	11	12	36	ENSG00000162704.15	ARPC5
chr1:183633154-183635515	N_w	6	7	37	0	13	0	0	0	35	56	47	53	84	66	42	10	86	0	61	0	0	33	0	15	0	30	0	49	0	0	4	0	24	0	18	15	15	31	0	38	0	27	0	15	10	59	ENSG00000162704.15	ARPC5
chr2:218217255-218217462	N_w	2	1	13	10	1	0	22	17	10	3	9	9	23	1	4	0	16	26	5	29	12	4	1	1	22	2	15	11	13	2	1	1	6	2	2	0	3	3	3	3	4	0	4	3	0	10	ENSG00000163466.15	ARPC2
chr2:218217545-218225919	N_w	10	11	85	51	6	9	347	199	72	52	43	68	112	55	63	16	90	178	90	203	108	68	34	8	154	16	112	73	90	12	15	12	35	4	16	23	18	25	43	47	87	27	29	13	22	57	ENSG00000163466.15	ARPC2
chr2:218225955-218228737	N_w	11	12	86	47	11	8	218	195	67	62	50	64	93	55	38	15	87	169	97	137	97	86	36	17	153	26	89	62	81	20	12	12	40	3	15	23	12	24	39	39	57	33	31	15	18	60	ENSG00000163466.15	ARPC2
chr2:218228797-218239390	N_w	0	0	0	2	1	0	2	0	0	1	0	0	0	0	0	0	0	0	0	0	0	0	2	0	1	0	0	0	2	0	0	0	0	0	0	0	0	0	0	0	0	0	0	0	1	0	ENSG00000163466.15	ARPC2
chr2:218228851-218234351	N_w	28	25	112	73	27	13	120	179	44	94	48	74	84	113	43	67	154	247	170	127	69	141	83	14	165	45	140	104	114	15	17	11	96	2	25	38	22	28	45	55	72	57	54	23	39	65	ENSG00000163466.15	ARPC2
chr2:218228851-218238663	N_w	0	0	0	2	1	0	1	1	1	0	0	0	1	0	0	1	2	7	2	5	7	0	0	0	4	0	1	0	2	2	1	0	2	0	1	0	0	0	0	0	1	0	0	1	0	2	ENSG00000163466.15	ARPC2
chr2:218234398-218238663	N_w	25	22	115	75	35	5	126	152	76	88	70	84	86	133	75	65	163	276	179	117	51	190	126	22	163	40	124	113	170	25	20	14	105	7	33	34	23	41	37	45	71	52	71	27	53	70	ENSG00000163466.15	ARPC2
chr2:218236734-218238663	N_w	0	0	0	0	0	0	1	1	0	1	0	0	0	0	0	0	0	0	1	1	0	0	0	5	0	4	0	0	0	0	3	0	5	0	0	0	0	0	0	1	0	1	2	1	1	0	ENSG00000163466.15	ARPC2
chr2:218238851-218239390	N_w	41	33	117	69	73	18	92	138	75	112	49	88	91	187	59	91	175	293	170	98	51	223	120	66	160	65	131	132	164	42	59	32	160	17	28	42	24	44	41	57	56	68	68	71	83	66	ENSG00000163466.15	ARPC2
chr2:218238851-218245419	N_w	0	4	0	0	1	0	2	0	0	0	0	0	3	0	0	0	0	6	1	1	3	0	2	1	0	3	0	0	1	1	2	0	0	0	0	1	0	0	0	0	0	0	0	0	0	0	ENSG00000163466.15	ARPC2
chr2:218239485-218245419	N_w	73	62	133	86	77	25	187	174	113	159	87	92	145	208	161	101	203	257	200	187	153	197	192	85	204	91	124	130	131	57	47	47	150	31	49	62	40	52	62	84	76	102	97	126	102	73	ENSG00000163466.15	ARPC2
chr2:218239485-218249363	N_w	0	0	0	0	0	0	1	0	2	1	0	0	4	0	0	1	0	2	0	0	1	1	0	1	0	1	1	0	0	0	0	2	0	0	1	0	0	0	0	0	0	2	0	0	0	0	ENSG00000163466.15	ARPC2
chr2:218245547-218249363	N_w	80	111	224	122	111	33	313	268	170	195	126	152	207	244	231	152	239	355	267	250	191	314	226	193	264	160	199	177	230	101	91	68	262	50	136	104	87	91	119	168	280	173	128	167	194	117	ENSG00000163466.15	ARPC2
chr2:218249465-218249820	N_w	125	92	253	167	130	44	414	252	169	199	132	155	205	202	191	148	282	395	280	300	197	314	214	132	339	163	219	171	198	76	97	82	274	59	168	148	103	99	125	154	248	188	102	132	194	128	ENSG00000163466.15	ARPC2
chr2:218249922-218253890	N_w	142	127	224	127	171	66	227	181	119	185	136	146	182	223	163	143	275	388	237	211	125	497	237	240	284	171	161	142	186	132	126	102	303	123	181	123	82	85	124	164	190	174	105	149	248	138	ENSG00000163466.15	ARPC2
chrX:17728776-17731857	N_w	0	0	0	0	0	0	0	0	0	0	0	0	0	2	0	0	0	3	2	0	1	0	0	0	1	0	0	0	0	0	1	0	0	0	0	0	0	0	0	1	0	0	1	0	0	0	ENSG00000188158.14	NHS
chrX:72134219-72134508	N_w	0	0	0	0	0	0	0	0	0	1	0	0	0	1	0	0	0	7	3	1	0	0	0	0	0	0	0	0	0	0	0	0	0	0	0	0	0	0	0	0	0	0	0	0	0	0	ENSG00000204131.9	NHSL2
chrX:72134705-72137093	N_w	0	0	0	0	0	0	1	2	0	2	0	1	0	1	0	0	0	2	1	0	0	1	0	0	1	0	0	0	0	1	0	0	0	0	0	0	0	1	2	0	0	0	0	0	0	0	ENSG00000204131.9	NHSL2
chrX:72137226-72138440	N_w	0	0	0	0	0	0	0	0	0	0	0	1	0	0	0	0	1	6	1	0	1	1	0	0	0	0	0	0	0	0	0	0	0	0	0	0	0	0	0	0	0	0	0	0	0	0	ENSG00000204131.9	NHSL2
chrX:72140772-72142231	N_w	0	0	0	0	0	0	0	2	0	1	1	2	0	1	1	0	2	15	9	2	6	0	1	0	1	1	0	0	0	0	0	0	0	0	0	0	0	3	2	0	0	0	1	0	0	0	ENSG00000204131.9	NHSL2
chrX:72142365-72143252	N_w	0	0	0	0	0	0	0	1	0	0	0	0	0	0	0	0	2	14	1	0	0	2	0	0	0	0	0	2	2	0	1	0	0	0	0	0	1	0	2	0	0	0	0	0	0	0	ENSG00000204131.9	NHSL2
chr3:9792706-9797658	N_w	1	0	1	0	1	0	2	2	3	0	1	1	6	0	1	0	4	0	1	2	4	0	1	0	1	0	1	2	0	0	1	0	0	1	0	0	0	1	1	1	0	0	0	0	3	2	ENSG00000241553.12	ARPC4
chr3:9793125-9797658	N_w	0	2	9	5	1	1	21	19	12	4	4	1	12	2	14	0	10	20	6	19	12	6	4	0	14	1	14	7	7	0	0	0	11	3	0	1	2	3	2	6	2	0	3	0	3	6	ENSG00000241553.12	ARPC4
chr3:9797778-9799878	N_w	0	0	0	0	0	0	0	1	0	0	0	0	0	0	0	0	2	1	1	1	0	2	0	0	0	0	0	0	0	0	0	0	0	0	0	0	1	1	0	1	0	0	0	0	0	0	ENSG00000241553.12	ARPC4
chr3:9797778-9800184	N_w	6	15	89	34	18	8	134	92	56	74	36	62	71	97	78	49	123	139	86	87	54	115	48	19	107	13	77	81	81	16	12	6	35	7	14	18	14	29	26	32	25	32	26	21	43	41	ENSG00000241553.12	ARPC4
chr3:9800068-9800184	N_w	1	0	0	0	0	0	1	2	0	0	0	1	0	2	0	0	0	6	3	0	1	1	1	0	0	0	2	3	0	0	1	0	0	0	0	0	2	1	0	0	0	0	1	0	0	0	ENSG00000241553.12	ARPC4
chr3:9800297-9801660	N_w	12	22	104	52	34	6	124	98	41	64	34	53	34	108	56	61	142	191	91	88	32	110	69	22	112	18	88	79	78	11	29	12	53	14	18	25	11	25	23	16	19	29	28	32	49	53	ENSG00000241553.12	ARPC4
chr3:9800297-9803842	N_w	0	1	3	2	2	0	2	1	2	1	0	0	0	0	0	0	5	3	4	0	3	3	1	1	1	0	3	1	0	0	0	0	0	1	0	0	0	0	0	3	1	0	0	0	0	2	ENSG00000241553.12	ARPC4
chr3:9801757-9803535	N_w	0	0	0	0	0	0	0	2	0	0	0	1	0	0	0	0	0	1	0	1	1	0	0	0	0	0	0	0	0	0	0	0	0	0	0	1	0	0	1	1	0	0	0	1	0	0	ENSG00000241553.12	ARPC4
chr3:9801757-9803842	N_w	23	22	75	65	29	13	161	129	50	81	41	59	52	152	79	74	147	212	122	97	79	146	91	20	133	19	94	111	112	21	12	12	45	10	38	32	12	28	33	45	50	33	51	30	53	62	ENSG00000241553.12	ARPC4
chr3:9803708-9803842	N_w	1	0	3	0	0	0	0	1	0	0	2	0	2	1	1	0	0	3	0	0	1	1	1	2	2	2	1	0	1	0	1	0	1	1	1	1	1	1	0	0	6	2	0	1	4	0	ENSG00000241553.12	ARPC4
chr3:9804014-9806209	N_w	56	52	149	72	77	30	178	182	106	135	101	101	129	188	156	107	219	189	153	141	115	264	151	52	240	48	131	122	143	45	40	43	189	46	94	77	38	58	68	81	78	104	92	74	180	90	ENSG00000241553.12	ARPC4
chr7:99326005-99333324	N_w	0	1	30	26	6	1	87	59	15	25	20	21	64	64	34	9	59	64	67	73	39	60	31	5	53	8	34	40	24	4	2	6	14	0	9	7	6	24	18	28	68	12	19	10	16	29	ENSG00000241685.9	ARPC1A
chr7:99333418-99338180	N_w	10	16	106	59	15	13	205	161	89	96	72	88	110	141	89	62	165	203	133	167	84	111	108	12	116	20	109	124	101	17	10	6	58	3	22	24	12	34	43	27	97	40	53	22	40	63	ENSG00000241685.9	ARPC1A
chr7:99338286-99344292	N_w	10	13	49	30	11	4	116	85	68	41	45	31	71	117	50	70	124	150	72	92	59	81	55	6	69	11	91	69	73	3	6	8	44	4	15	10	20	41	31	28	80	18	31	16	35	33	ENSG00000241685.9	ARPC1A
chr7:99344516-99348851	N_w	12	28	105	57	35	13	225	244	76	77	70	67	113	147	78	71	172	182	119	146	71	119	114	15	229	30	105	115	130	16	15	11	95	8	23	18	20	41	39	31	66	38	76	34	89	62	ENSG00000241685.9	ARPC1A
chr7:99344516-99353908	N_w	0	0	0	0	0	0	0	0	0	2	0	0	0	1	1	0	0	1	0	0	0	0	1	0	3	0	0	0	0	0	0	0	1	0	0	0	0	0	0	1	0	0	0	0	0	0	ENSG00000241685.9	ARPC1A
chr7:99348960-99349247	N_w	0	0	0	0	0	0	0	1	0	2	0	0	0	1	0	1	0	1	0	0	0	0	0	0	0	0	0	0	1	0	0	0	1	0	0	0	1	1	0	0	0	1	0	0	0	0	ENSG00000241685.9	ARPC1A
chr7:99348960-99353908	N_w	14	4	43	23	18	4	43	33	26	23	26	25	18	51	15	22	60	71	48	32	12	50	36	9	39	17	44	65	46	6	6	6	57	7	6	5	7	6	11	7	16	13	23	20	27	24	ENSG00000241685.9	ARPC1A
chr7:99348960-99358339	N_w	0	0	0	0	0	0	1	2	0	0	0	0	0	1	0	0	0	0	1	1	0	0	1	0	1	0	1	0	0	0	0	0	0	0	0	0	0	0	1	0	0	0	0	0	0	0	ENSG00000241685.9	ARPC1A
chr7:99349364-99353908	N_w	0	0	0	0	0	0	0	0	0	0	0	0	0	0	1	0	1	0	0	0	0	0	0	0	1	0	1	0	0	0	0	2	0	0	0	0	0	0	1	0	0	0	3	0	0	0	ENSG00000241685.9	ARPC1A
chr7:99354122-99358339	N_w	25	23	32	14	24	4	19	24	27	26	23	18	12	43	19	22	27	47	27	23	15	31	18	28	28	20	40	35	41	21	14	14	46	2	4	6	7	8	10	6	10	12	10	30	28	12	ENSG00000241685.9	ARPC1A
chr7:99358416-99359544	N_w	75	53	89	53	56	31	148	116	74	75	63	58	77	121	82	58	101	137	83	107	78	95	94	66	128	89	108	98	84	44	49	63	114	23	30	32	13	24	33	27	71	38	66	84	76	43	ENSG00000241685.9	ARPC1A
chr7:99359739-99363542	N_w	110	82	117	59	99	48	106	105	79	94	69	54	52	142	92	82	177	165	102	89	43	169	90	130	136	113	133	113	112	105	64	62	202	49	50	43	27	47	46	35	46	47	58	103	155	58	ENSG00000241685.9	ARPC1A
chr7:99359739-99365890	N_w	1	1	0	0	0	0	0	0	1	0	0	0	1	0	1	1	0	0	1	1	0	1	0	0	0	0	0	0	0	0	0	0	0	0	0	0	0	2	0	1	1	0	0	1	1	0	ENSG00000241685.9	ARPC1A
chr7:99363634-99365890	N_w	138	101	150	63	145	48	149	155	111	100	55	68	78	150	105	96	150	187	88	120	73	184	87	177	145	133	113	116	101	119	97	110	252	67	76	42	38	50	56	44	76	79	70	145	185	66	ENSG00000241685.9	ARPC1A
chr7:99363634-99365911	N_w	1	0	0	0	0	0	0	0	3	0	0	1	0	0	0	0	0	0	0	1	0	0	0	1	0	2	0	1	2	0	0	0	0	0	0	1	1	0	0	0	0	0	0	1	0	0	ENSG00000241685.9	ARPC1A
chr7:99365739-99365890	N_w	1	1	0	0	0	0	0	1	1	0	0	1	0	2	0	0	1	1	0	0	0	0	0	0	0	0	0	0	0	0	1	0	0	0	0	0	0	0	0	0	0	0	0	0	0	0	ENSG00000241685.9	ARPC1A
chr3:10115820-10118905	N_w	0	2	6	3	3	0	7	6	1	4	0	2	3	11	3	3	4	4	7	5	2	6	3	1	3	1	2	4	1	0	0	0	6	1	2	3	1	3	8	3	2	4	6	3	1	4	ENSG00000254999.3	BRK1
chr3:10115820-10125625	N_w	73	60	179	139	100	52	594	338	140	191	118	156	202	299	228	168	334	340	204	311	153	330	153	55	335	63	185	187	212	52	54	50	171	27	99	95	55	81	85	95	195	161	121	72	206	124	ENSG00000254999.3	BRK1
chr3:10118971-10125625	N_w	3	3	10	2	5	2	15	13	1	7	3	2	3	13	5	4	14	4	5	7	4	12	4	3	4	1	4	8	9	0	1	2	14	1	5	9	2	2	5	7	9	5	7	4	8	10	ENSG00000254999.3	BRK1
chr3:10125709-10126268	N_w	107	102	248	152	125	62	617	328	193	239	145	151	164	297	301	214	392	366	276	277	173	352	236	79	360	63	191	241	240	78	72	67	212	73	114	87	65	94	103	88	156	138	156	116	269	154	ENSG00000254999.3	BRK1
chr15:22869568-22869996	N_w	0	0	0	0	0	0	1	0	0	0	0	0	0	0	0	0	0	2	0	0	1	0	0	2	0	2	0	0	0	0	0	0	1	1	0	0	0	0	0	0	0	0	1	0	0	0	ENSG00000273749.4	CYFIP1
chr15:22869568-22870009	N_w	1	1	0	0	0	2	0	0	0	0	1	0	0	0	0	0	0	0	1	1	0	0	0	0	0	0	0	0	0	1	0	1	0	0	0	0	0	0	0	1	0	0	0	1	0	0	ENSG00000273749.4	CYFIP1
chr15:22870193-22872824	N_w	11	8	20	19	19	10	24	13	11	30	13	22	19	32	20	27	35	84	48	26	12	62	32	17	46	26	38	42	35	17	20	11	33	8	11	8	6	11	10	11	10	26	9	27	10	29	ENSG00000273749.4	CYFIP1
chr15:22872973-22873490	N_w	17	11	29	34	29	10	55	58	45	57	32	36	35	55	44	25	56	142	72	62	54	83	61	48	85	34	60	65	61	25	18	13	43	8	15	24	12	25	30	34	18	24	20	34	26	26	ENSG00000273749.4	CYFIP1
chr15:22873730-22874549	N_w	15	2	15	17	6	9	49	39	17	22	18	25	22	29	11	15	25	86	43	30	23	46	44	15	44	18	31	32	30	13	3	8	22	2	8	3	7	6	6	8	12	6	19	22	14	16	ENSG00000273749.4	CYFIP1
chr15:22874645-22875198	N_w	13	11	20	15	10	6	38	35	26	39	32	31	25	52	20	34	41	115	75	55	52	73	81	32	96	19	57	64	45	26	10	13	17	4	5	10	8	14	20	15	18	18	24	22	19	19	ENSG00000273749.4	CYFIP1
chr15:22875272-22879912	N_w	5	4	20	33	3	10	62	58	31	43	31	18	26	59	21	25	59	100	86	59	35	64	59	17	93	16	47	39	40	13	8	10	14	5	3	14	11	12	19	12	25	17	18	22	18	22	ENSG00000273749.4	CYFIP1
chr15:22880044-22881845	N_w	20	9	34	22	14	3	33	32	25	48	29	42	24	55	26	23	65	116	88	63	36	52	50	17	68	9	50	66	74	20	11	6	19	3	8	10	3	8	12	5	10	18	14	26	14	21	ENSG00000273749.4	CYFIP1
chr15:22881937-22882867	N_w	10	4	19	14	4	3	33	24	15	24	21	18	22	30	16	14	38	99	46	35	21	32	31	8	53	8	34	32	54	6	4	8	10	1	7	0	6	14	8	9	13	6	12	14	9	16	ENSG00000273749.4	CYFIP1
chr15:22883012-22892889	N_w	8	6	26	22	8	3	56	51	18	28	21	24	20	40	24	8	39	101	65	67	27	58	44	7	69	14	44	48	48	4	7	2	11	4	8	5	4	8	19	10	13	12	17	11	5	20	ENSG00000273749.4	CYFIP1
chr15:22892978-22903705	N_w	8	4	27	24	12	3	76	59	30	49	27	24	30	54	9	10	46	121	81	76	44	53	62	17	79	12	55	46	53	9	10	9	11	1	1	6	6	12	10	9	20	20	20	15	16	26	ENSG00000273749.4	CYFIP1
chr15:22903906-22909193	N_w	6	5	14	23	2	1	40	32	18	36	23	26	26	36	15	17	46	96	64	60	38	29	50	3	43	11	37	33	51	7	6	2	5	0	3	4	4	10	10	13	10	6	15	12	4	24	ENSG00000273749.4	CYFIP1
chr15:22909314-22910519	N_w	10	3	14	15	4	4	40	23	16	40	24	19	19	32	14	17	42	93	62	45	40	25	58	14	52	10	38	48	44	8	8	2	8	0	5	2	3	8	9	13	12	11	15	13	3	20	ENSG00000273749.4	CYFIP1
chr15:22910629-22910736	N_w	2	3	13	19	1	0	60	46	17	24	19	21	24	33	9	14	39	89	61	46	26	39	52	10	66	14	36	31	33	9	8	2	8	1	2	3	0	4	10	8	16	13	13	15	6	18	ENSG00000273749.4	CYFIP1
chr15:22910814-22912178	N_w	4	2	24	11	1	0	27	36	25	34	26	31	24	44	13	22	57	130	63	48	44	35	61	4	61	10	42	52	43	5	8	5	9	0	2	7	4	5	12	7	11	13	6	12	6	20	ENSG00000273749.4	CYFIP1
chr15:22912276-22914725	N_w	0	1	10	10	4	0	25	31	8	22	11	13	15	31	10	23	47	94	55	29	17	24	45	7	43	2	33	29	33	0	5	0	6	0	2	1	4	6	10	3	5	7	5	5	2	15	ENSG00000273749.4	CYFIP1
chr15:22914883-22916476	N_w	5	3	8	10	1	1	22	25	11	25	17	17	6	36	14	15	27	83	38	18	19	30	34	3	41	4	32	43	26	3	1	0	2	0	1	2	1	2	10	11	6	5	8	7	3	14	ENSG00000273749.4	CYFIP1
chr15:22916631-22917787	N_w	1	0	7	8	2	0	10	8	7	17	10	9	9	21	3	4	17	60	42	17	13	16	18	3	15	3	20	26	19	1	2	0	5	0	1	1	0	0	5	3	2	4	7	2	1	12	ENSG00000273749.4	CYFIP1
chr15:22917936-22918691	N_w	1	0	12	19	0	0	19	26	19	28	14	18	21	31	9	9	30	106	53	32	35	11	29	2	42	5	29	31	31	3	2	1	1	0	1	2	0	3	3	4	6	3	8	2	0	17	ENSG00000273749.4	CYFIP1
chr15:22918859-22925981	N_w	0	0	5	7	0	0	9	20	4	7	4	12	11	15	4	7	13	67	37	10	7	7	18	2	16	1	17	38	17	0	1	0	1	0	0	0	1	3	5	1	1	1	8	3	0	8	ENSG00000273749.4	CYFIP1
chr15:22926108-22927905	N_w	1	3	3	3	1	0	31	18	8	10	7	9	12	10	3	0	8	42	29	24	13	2	8	3	19	2	12	18	18	1	2	0	0	0	0	1	0	2	1	1	1	0	3	1	0	9	ENSG00000273749.4	CYFIP1
chr15:22928029-22932222	N_w	0	0	4	3	2	0	11	7	5	5	12	9	8	12	2	3	16	38	21	16	10	6	8	1	28	1	13	13	15	0	0	0	2	0	0	0	1	0	2	1	0	0	3	1	0	4	ENSG00000273749.4	CYFIP1
chr15:22932341-22933801	N_w	1	1	5	10	0	0	31	38	15	27	11	18	17	22	8	10	46	90	58	54	35	17	42	3	63	2	27	32	28	0	5	3	2	0	1	4	4	6	12	5	11	2	7	0	1	10	ENSG00000273749.4	CYFIP1
chr15:22933894-22937103	N_w	0	3	9	10	0	0	41	35	9	29	7	20	13	31	9	17	44	87	52	53	37	19	31	0	57	1	27	35	34	1	0	0	1	0	2	3	1	3	9	4	14	1	10	0	0	9	ENSG00000273749.4	CYFIP1
chr15:22937209-22939191	N_w	2	2	6	13	0	0	35	28	11	16	13	15	14	24	6	14	28	89	45	25	16	13	33	2	33	1	19	33	24	0	5	0	0	0	0	0	0	4	6	4	3	3	5	3	0	8	ENSG00000273749.4	CYFIP1
chr15:22939321-22939410	N_w	1	3	6	5	1	0	18	16	13	14	9	14	10	22	3	13	30	74	52	27	20	9	22	1	25	2	16	24	18	0	3	0	1	0	0	3	1	1	4	0	1	1	4	0	0	6	ENSG00000273749.4	CYFIP1
chr15:22939508-22943172	N_w	2	2	5	15	0	0	33	30	13	21	17	12	14	41	6	18	41	104	60	38	33	15	45	1	40	3	26	35	28	1	3	0	2	0	2	2	2	5	7	9	9	5	10	5	0	19	ENSG00000273749.4	CYFIP1
chr15:22943355-22944557	N_w	3	0	3	9	0	0	26	23	8	18	11	13	10	18	4	8	19	71	40	19	13	11	24	0	26	0	18	21	17	0	4	0	2	0	0	2	2	3	8	4	6	2	3	1	1	4	ENSG00000273749.4	CYFIP1
chr15:22944660-22944861	N_w	0	0	9	14	0	0	41	51	10	24	15	14	27	24	10	15	35	92	60	48	28	14	44	2	38	3	33	26	27	1	0	1	0	0	0	2	4	8	7	2	7	5	7	3	0	12	ENSG00000273749.4	CYFIP1
chr15:22944940-22947002	N_w	2	1	3	2	0	0	14	6	4	7	5	13	8	9	4	4	17	50	22	12	8	5	12	0	16	0	13	19	14	0	1	0	0	0	0	2	0	3	3	1	1	0	6	1	0	6	ENSG00000273749.4	CYFIP1
chr15:22947093-22947168	N_w	0	0	0	8	0	2	35	24	12	5	9	14	23	4	3	5	11	47	30	35	26	4	20	0	33	2	15	24	17	2	0	1	0	0	0	0	2	1	5	0	1	2	3	1	1	13	ENSG00000273749.4	CYFIP1
chr15:22947292-22980286	N_w	0	0	0	1	0	0	4	5	0	2	0	4	3	1	0	1	1	5	4	3	3	1	0	0	3	0	3	3	1	0	0	0	0	0	1	0	0	1	0	0	0	0	0	0	0	1	ENSG00000273749.4	CYFIP1
