junction	type	ERR2598052	ERR2598053	ERR2598054	ERR2598055	ERR2598167	ERR2598168	ERR2598182	ERR2598183	ERR2598194	ERR2598234	ERR2598253	ERR2598255	ERR2598270	ERR2598338	ERR2598339	ERR2598351	ERR2598254	ERR2598307	geneID	geneName
chr5:157266196-157285338	N_w	0	2	6	0	7	3	7	0	3	0	1	0	0	1	0	0	2	0	ENSG00000055163.19	CYFIP2
chr5:157266585-157285338	N_w	0	1	3	0	7	7	1	1	1	3	2	0	0	1	3	0	2	0	ENSG00000055163.19	CYFIP2
chr5:157285479-157287018	N_w	8	16	38	8	100	59	25	36	69	14	2	9	3	9	4	8	15	1	ENSG00000055163.19	CYFIP2
chr5:157287109-157294782	N_w	1	7	12	8	54	27	9	12	21	15	3	1	2	2	0	2	3	0	ENSG00000055163.19	CYFIP2
chr5:157294861-157295378	N_w	3	1	8	4	7	8	1	4	4	8	2	2	0	0	0	3	6	0	ENSG00000055163.19	CYFIP2
chr5:157294861-157296672	N_w	6	13	48	6	107	58	31	30	69	34	7	8	3	11	2	1	24	0	ENSG00000055163.19	CYFIP2
chr5:157295452-157296672	N_w	3	8	11	4	13	7	1	2	8	8	1	3	0	0	0	0	4	0	ENSG00000055163.19	CYFIP2
chr5:157296775-157300714	N_w	14	28	5	2	63	27	19	14	14	39	8	5	1	2	8	2	14	0	ENSG00000055163.19	CYFIP2
chr5:157300897-157302793	N_w	23	26	30	11	99	58	17	16	38	38	12	5	3	8	4	5	15	2	ENSG00000055163.19	CYFIP2
chr5:157302891-157304237	N_w	25	37	39	26	103	57	33	44	60	55	12	6	7	10	2	3	35	1	ENSG00000055163.19	CYFIP2
chr5:157304367-157307760	N_w	12	20	46	27	63	49	24	26	55	4	14	16	1	10	2	1	18	0	ENSG00000055163.19	CYFIP2
chr5:157307866-157309742	N_w	7	14	15	21	32	25	18	17	21	4	5	6	3	0	0	0	15	1	ENSG00000055163.19	CYFIP2
chr5:157309835-157311663	N_w	6	14	23	16	33	43	20	23	50	2	2	3	1	3	0	0	14	1	ENSG00000055163.19	CYFIP2
chr5:157311782-157314343	N_w	7	25	19	2	46	28	23	16	30	9	5	6	3	0	4	1	18	1	ENSG00000055163.19	CYFIP2
chr5:157314464-157314968	N_w	7	14	41	0	54	39	22	12	40	13	5	4	1	3	0	3	17	1	ENSG00000055163.19	CYFIP2
chr5:157315095-157319761	N_w	9	16	21	4	65	45	30	27	22	18	6	8	0	9	2	6	21	0	ENSG00000055163.19	CYFIP2
chr5:157319929-157320654	N_w	19	18	50	1	23	46	19	22	32	17	10	10	1	7	0	6	28	1	ENSG00000055163.19	CYFIP2
chr5:157320803-157323920	N_w	19	23	23	6	72	66	27	31	30	21	13	12	4	11	0	7	31	1	ENSG00000055163.19	CYFIP2
chr5:157324075-157325481	N_w	16	32	26	15	83	48	30	29	35	20	17	9	3	10	4	1	25	0	ENSG00000055163.19	CYFIP2
chr5:157325639-157326170	N_w	32	40	62	40	108	61	45	42	61	40	20	9	6	4	2	11	37	4	ENSG00000055163.19	CYFIP2
chr5:157326268-157327972	N_w	9	14	26	17	31	27	18	10	16	14	9	5	5	3	0	1	8	0	ENSG00000055163.19	CYFIP2
chr5:157328050-157330741	N_w	32	38	64	38	82	36	29	36	66	34	17	24	0	7	3	9	50	0	ENSG00000055163.19	CYFIP2
chr5:157330851-157333326	N_w	32	56	53	42	85	53	41	47	64	26	21	18	4	9	3	8	42	2	ENSG00000055163.19	CYFIP2
chr5:157333447-157339056	N_w	27	35	23	8	51	65	31	30	27	28	11	16	4	3	1	6	42	3	ENSG00000055163.19	CYFIP2
chr5:157339257-157341069	N_w	33	73	74	21	100	76	40	44	118	45	22	21	4	4	3	22	53	0	ENSG00000055163.19	CYFIP2
chr5:157341158-157359004	N_w	67	122	120	62	136	102	64	54	138	93	44	45	8	10	9	28	123	1	ENSG00000055163.19	CYFIP2
chr5:157354480-157359004	N_w	3	0	3	0	0	0	0	0	3	2	0	0	1	0	0	2	2	1	ENSG00000055163.19	CYFIP2
chr5:157359149-157360281	N_w	57	74	39	36	105	71	42	57	49	60	34	20	5	14	9	19	88	4	ENSG00000055163.19	CYFIP2
chr5:157360373-157360554	N_w	1	4	0	0	3	2	0	0	0	4	1	0	0	0	0	0	2	0	ENSG00000055163.19	CYFIP2
chr5:157360373-157361467	N_w	66	120	97	54	110	84	65	59	107	80	61	42	1	21	5	27	107	2	ENSG00000055163.19	CYFIP2
chr5:157360623-157361467	N_w	3	9	0	3	4	1	1	0	2	6	3	0	0	0	0	0	1	0	ENSG00000055163.19	CYFIP2
chr5:157361599-157382589	N_w	62	98	76	18	74	51	35	49	78	67	42	33	7	10	3	15	102	2	ENSG00000055163.19	CYFIP2
chr5:157382663-157383264	N_w	51	57	22	9	79	46	31	36	25	72	31	20	6	7	8	13	84	1	ENSG00000055163.19	CYFIP2
chr5:157383360-157389188	N_w	55	70	19	3	79	41	21	17	16	82	39	31	12	5	11	11	85	9	ENSG00000055163.19	CYFIP2
chr5:157389428-157390520	N_w	55	82	27	0	44	36	16	17	27	61	38	16	9	3	9	10	60	6	ENSG00000055163.19	CYFIP2
chr5:157390669-157392832	N_w	82	125	39	19	80	39	25	38	47	111	84	36	18	3	4	12	109	18	ENSG00000055163.19	CYFIP2
chr2:182925819-182926815	N_w	88	79	19	115	40	41	62	37	27	50	81	78	26	5	23	10	102	19	ENSG00000061676.14	NCKAP1
chr2:182926906-182928116	N_w	162	197	158	385	136	127	204	162	164	143	169	209	88	51	70	52	280	48	ENSG00000061676.14	NCKAP1
chr2:182928227-182928782	N_w	113	125	188	190	79	97	150	109	134	84	108	98	77	28	30	42	131	30	ENSG00000061676.14	NCKAP1
chr2:182928900-182930694	N_w	119	141	113	289	104	109	171	128	98	105	110	142	69	38	57	56	194	49	ENSG00000061676.14	NCKAP1
chr2:182930789-182934751	N_w	52	97	52	195	65	72	125	88	60	83	79	77	30	24	46	33	117	25	ENSG00000061676.14	NCKAP1
chr2:182934833-182935292	N_w	70	94	36	244	53	85	95	90	51	77	86	76	43	17	53	16	135	23	ENSG00000061676.14	NCKAP1
chr2:182935376-182942069	N_w	110	141	164	422	108	151	227	153	162	80	79	134	80	39	58	47	199	45	ENSG00000061676.14	NCKAP1
chr2:182942164-182952404	N_w	70	74	79	279	45	48	144	52	161	53	45	88	35	29	37	23	112	19	ENSG00000061676.14	NCKAP1
chr2:182952503-182952792	N_w	91	76	27	291	79	87	184	110	98	48	53	101	25	23	43	22	114	23	ENSG00000061676.14	NCKAP1
chr2:182952924-182953112	N_w	63	85	53	297	77	101	157	120	92	58	59	81	18	21	41	18	115	30	ENSG00000061676.14	NCKAP1
chr2:182953332-182956461	N_w	51	55	163	243	68	91	128	120	190	34	38	66	20	42	33	47	64	35	ENSG00000061676.14	NCKAP1
chr2:182956594-182957456	N_w	38	48	137	158	57	69	120	105	111	20	24	47	37	38	26	26	60	18	ENSG00000061676.14	NCKAP1
chr2:182957597-182962158	N_w	28	43	65	162	55	91	134	66	65	27	18	47	30	20	22	20	66	19	ENSG00000061676.14	NCKAP1
chr2:182962279-182964675	N_w	38	40	63	191	56	86	126	86	105	18	15	37	26	27	41	14	51	19	ENSG00000061676.14	NCKAP1
chr2:182964809-182967215	N_w	30	36	38	230	62	86	138	82	66	13	21	49	23	20	20	10	58	20	ENSG00000061676.14	NCKAP1
chr2:182967362-182976892	N_w	23	22	45	183	61	86	111	54	83	10	17	18	8	5	15	10	34	11	ENSG00000061676.14	NCKAP1
chr2:182976952-182978833	N_w	17	23	33	147	49	76	138	52	57	6	14	20	13	7	24	4	38	14	ENSG00000061676.14	NCKAP1
chr2:182978916-182981243	N_w	20	23	68	154	55	87	120	79	65	7	17	17	48	23	24	9	34	16	ENSG00000061676.14	NCKAP1
chr2:182981377-182982820	N_w	19	36	116	247	73	88	171	98	159	9	23	37	15	30	10	18	34	20	ENSG00000061676.14	NCKAP1
chr2:182982928-182983285	N_w	15	13	44	100	47	72	106	42	40	7	10	22	21	18	35	12	15	12	ENSG00000061676.14	NCKAP1
chr2:182983383-182986170	N_w	8	15	44	97	43	57	92	47	51	1	10	13	20	9	13	3	16	5	ENSG00000061676.14	NCKAP1
chr2:182986228-182989029	N_w	10	22	62	146	48	86	117	70	68	1	10	17	19	17	22	7	18	10	ENSG00000061676.14	NCKAP1
chr2:182989187-182994838	N_w	14	22	86	137	56	95	112	89	96	5	6	17	22	32	12	12	19	13	ENSG00000061676.14	NCKAP1
chr2:182994888-182995700	N_w	16	16	67	150	70	94	139	70	83	10	11	18	14	19	9	14	29	12	ENSG00000061676.14	NCKAP1
chr2:182995839-183001952	N_w	13	11	69	108	45	64	97	51	62	6	10	15	15	18	14	6	8	12	ENSG00000061676.14	NCKAP1
chr2:183002044-183002126	N_w	13	11	61	68	18	48	82	21	54	6	3	25	19	23	13	6	25	10	ENSG00000061676.14	NCKAP1
chr2:183002270-183002973	N_w	7	7	17	92	21	39	80	39	22	5	4	7	0	4	2	2	12	3	ENSG00000061676.14	NCKAP1
chr2:183003031-183003232	N_w	8	10	13	63	34	50	44	30	15	5	6	9	3	6	11	0	13	4	ENSG00000061676.14	NCKAP1
chr2:183003320-183023805	N_w	1	0	7	22	0	2	5	4	7	0	0	1	5	9	2	2	3	2	ENSG00000061676.14	NCKAP1
chr2:183003326-183023805	N_w	6	7	34	56	55	54	84	37	40	2	1	10	1	8	11	5	16	4	ENSG00000061676.14	NCKAP1
chr2:183023917-183037991	N_w	3	9	38	3	29	20	41	13	31	3	3	4	4	17	16	5	5	5	ENSG00000061676.14	NCKAP1
chr17:49210842-49216530	N_w	1	5	3	0	5	3	17	5	2	7	3	9	0	1	6	4	6	9	ENSG00000108798.8	ABI3
chr17:49216699-49217738	N_w	3	3	2	0	6	3	14	1	0	2	4	4	5	3	1	4	5	12	ENSG00000108798.8	ABI3
chr17:49217916-49219539	N_w	6	5	3	0	5	5	11	3	7	4	4	5	2	4	9	8	7	17	ENSG00000108798.8	ABI3
chr17:49219626-49219857	N_w	8	9	5	0	12	5	17	5	6	6	6	5	2	2	2	9	10	21	ENSG00000108798.8	ABI3
chr17:49219954-49220168	N_w	5	4	4	0	6	3	5	1	4	9	5	6	0	0	10	9	10	16	ENSG00000108798.8	ABI3
chr17:49220327-49222090	N_w	4	7	9	0	9	2	8	0	2	3	3	5	1	4	8	11	10	14	ENSG00000108798.8	ABI3
chr17:49222226-49222551	N_w	4	6	6	0	6	3	7	5	2	5	1	7	2	1	13	5	10	17	ENSG00000108798.8	ABI3
chr12:110435218-110436109	N_w	187	178	153	195	123	87	348	141	132	181	310	250	106	55	100	124	353	137	ENSG00000111229.15	ARPC3
chr12:110436202-110436556	N_w	0	3	3	3	2	0	6	0	1	1	5	3	2	1	0	2	14	4	ENSG00000111229.15	ARPC3
chr12:110436205-110436556	N_w	187	255	241	377	177	114	502	183	221	193	354	355	174	62	115	102	463	159	ENSG00000111229.15	ARPC3
chr12:110436205-110436664	N_w	2	2	1	1	1	1	3	0	1	0	1	1	1	0	0	0	7	2	ENSG00000111229.15	ARPC3
chr12:110436205-110437083	N_w	1	10	0	2	1	0	2	1	3	1	0	22	0	0	0	0	1	1	ENSG00000111229.15	ARPC3
chr12:110436684-110437083	N_w	262	276	123	386	192	144	545	228	183	175	328	459	109	46	98	58	554	166	ENSG00000111229.15	ARPC3
chr12:110437153-110440311	N_w	124	120	64	153	94	65	255	87	86	75	165	181	49	28	46	24	238	60	ENSG00000111229.15	ARPC3
chr12:110437153-110445451	N_w	0	1	1	1	1	0	0	1	1	0	0	3	1	0	0	1	2	1	ENSG00000111229.15	ARPC3
chr12:110440389-110445451	N_w	227	177	259	147	172	112	425	143	145	127	275	368	168	76	123	69	372	106	ENSG00000111229.15	ARPC3
chr12:110445552-110450254	N_w	45	62	143	29	67	40	124	42	121	25	55	62	79	60	62	78	51	56	ENSG00000111229.15	ARPC3
chr6:110100680-110101587	N_w	10	9	7	14	64	46	126	44	20	10	27	18	2	3	0	0	14	4	ENSG00000112290.12	WASF1
chr6:110102217-110103377	N_w	2	3	9	10	43	32	55	32	29	3	8	4	0	0	0	1	8	2	ENSG00000112290.12	WASF1
chr6:110103558-110105406	N_w	2	3	3	3	23	23	56	21	14	4	13	11	0	4	0	0	8	2	ENSG00000112290.12	WASF1
chr6:110105577-110107076	N_w	0	0	1	3	3	1	5	2	3	1	2	1	0	1	0	0	0	0	ENSG00000112290.12	WASF1
chr6:110105580-110107076	N_w	8	3	11	6	32	35	77	30	27	4	5	7	5	0	0	0	12	2	ENSG00000112290.12	WASF1
chr6:110107195-110108527	N_w	2	3	0	5	21	23	50	16	10	5	8	3	0	0	1	1	5	1	ENSG00000112290.12	WASF1
chr6:110108682-110113325	N_w	3	5	2	18	35	45	82	31	24	1	8	10	1	0	0	0	9	1	ENSG00000112290.12	WASF1
chr6:110113461-110127468	N_w	4	2	7	9	36	36	71	31	15	4	7	9	0	0	0	0	6	1	ENSG00000112290.12	WASF1
chr6:110127630-110160634	N_w	0	0	1	2	3	3	4	2	2	0	0	3	0	0	0	0	0	1	ENSG00000112290.12	WASF1
chr6:110127630-110179438	N_w	0	0	3	0	9	6	13	0	7	0	0	0	0	0	0	0	2	0	ENSG00000112290.12	WASF1
chr6:110178743-110179438	N_w	0	0	1	0	2	1	2	0	3	0	0	1	0	0	0	0	0	0	ENSG00000112290.12	WASF1
chr2:113890324-113913171	N_w	10	9	31	10	68	53	82	24	63	8	8	26	9	10	16	15	21	7	ENSG00000115091.11	ACTR3
chr2:113913228-113916883	N_w	18	19	38	53	93	49	118	47	69	11	16	32	15	13	15	13	31	15	ENSG00000115091.11	ACTR3
chr2:113917009-113927344	N_w	28	23	111	124	112	90	151	95	154	20	28	48	24	11	18	25	56	19	ENSG00000115091.11	ACTR3
chr2:113927456-113931300	N_w	43	28	98	217	119	93	221	163	167	22	26	72	22	30	40	29	91	34	ENSG00000115091.11	ACTR3
chr2:113931397-113934278	N_w	38	35	112	148	114	109	224	139	145	30	41	77	33	22	30	20	93	30	ENSG00000115091.11	ACTR3
chr2:113934387-113939958	N_w	45	30	22	82	97	70	153	85	37	32	26	57	26	19	12	14	64	19	ENSG00000115091.11	ACTR3
chr2:113940103-113942185	N_w	45	49	129	221	140	99	195	162	182	41	60	95	45	20	26	27	97	34	ENSG00000115091.11	ACTR3
chr2:113942360-113951478	N_w	56	49	30	202	101	92	190	161	48	39	82	104	14	2	2	1	121	26	ENSG00000115091.11	ACTR3
chr2:113951572-113951719	N_w	56	36	106	138	93	68	161	75	142	44	78	77	16	15	13	33	92	28	ENSG00000115091.11	ACTR3
chr2:113951846-113955622	N_w	78	69	74	178	129	90	207	98	62	50	99	106	58	21	25	30	130	37	ENSG00000115091.11	ACTR3
chr2:113955707-113957359	N_w	100	96	199	289	205	153	306	240	264	80	167	161	93	44	80	51	226	75	ENSG00000115091.11	ACTR3
chr12:54497892-54499354	N_w	1	1	1	3	2	0	2	3	5	0	0	2	0	0	0	0	1	0	ENSG00000123338.12	NCKAP1L
chr12:54499466-54500532	N_w	0	0	0	2	1	1	13	1	4	0	0	0	0	0	0	1	3	0	ENSG00000123338.12	NCKAP1L
chr12:54500626-54507852	N_w	0	0	0	2	3	0	8	1	3	0	0	0	0	0	0	0	0	3	ENSG00000123338.12	NCKAP1L
chr12:54507910-54508388	N_w	0	0	0	4	2	1	9	1	3	1	0	0	0	3	0	0	0	2	ENSG00000123338.12	NCKAP1L
chr12:54508532-54509668	N_w	0	0	0	0	3	0	11	2	2	0	0	0	0	1	0	0	0	1	ENSG00000123338.12	NCKAP1L
chr12:54509760-54509847	N_w	0	1	0	0	5	0	8	2	0	0	1	0	0	0	0	0	0	1	ENSG00000123338.12	NCKAP1L
chr12:54509986-54511802	N_w	0	0	1	0	3	1	7	3	2	0	0	0	0	0	0	0	0	0	ENSG00000123338.12	NCKAP1L
chr12:54511852-54511948	N_w	0	1	1	0	2	0	10	0	5	0	0	1	0	0	0	0	0	0	ENSG00000123338.12	NCKAP1L
chr12:54512106-54516238	N_w	0	0	0	0	2	0	13	5	6	0	0	0	0	0	0	0	1	1	ENSG00000123338.12	NCKAP1L
chr12:54516296-54516895	N_w	0	0	0	0	4	0	6	1	3	0	0	1	0	1	0	0	0	0	ENSG00000123338.12	NCKAP1L
chr12:54516993-54517532	N_w	0	0	0	0	1	0	5	2	1	0	0	0	0	2	0	0	0	0	ENSG00000123338.12	NCKAP1L
chr12:54517643-54517805	N_w	0	0	0	0	0	0	13	2	7	1	0	4	0	2	0	0	0	0	ENSG00000123338.12	NCKAP1L
chr12:54517939-54518650	N_w	1	0	0	1	1	0	12	6	1	0	0	1	0	0	0	0	1	4	ENSG00000123338.12	NCKAP1L
chr12:54518733-54518913	N_w	0	0	0	2	2	0	14	1	4	0	1	0	0	0	0	0	0	0	ENSG00000123338.12	NCKAP1L
chr12:54518973-54519186	N_w	0	0	0	2	0	2	10	5	2	1	0	0	0	0	0	0	0	1	ENSG00000123338.12	NCKAP1L
chr12:54519333-54520693	N_w	0	0	0	0	1	0	12	1	3	0	2	1	0	3	0	1	0	1	ENSG00000123338.12	NCKAP1L
chr12:54520827-54521118	N_w	0	0	2	3	1	0	5	5	4	0	0	1	4	0	3	1	1	6	ENSG00000123338.12	NCKAP1L
chr12:54521239-54523393	N_w	2	0	0	0	3	0	13	3	4	0	3	3	0	0	3	0	2	1	ENSG00000123338.12	NCKAP1L
chr12:54523540-54523824	N_w	0	1	2	2	0	1	14	6	3	1	1	3	0	0	0	0	0	0	ENSG00000123338.12	NCKAP1L
chr12:54523957-54526527	N_w	0	1	0	0	2	0	9	4	0	1	0	0	2	1	0	0	1	0	ENSG00000123338.12	NCKAP1L
chr12:54526747-54528246	N_w	1	2	1	1	1	1	9	3	1	0	0	4	0	0	2	2	0	3	ENSG00000123338.12	NCKAP1L
chr12:54528378-54531259	N_w	0	1	1	0	0	0	9	3	5	1	4	3	0	0	0	1	4	0	ENSG00000123338.12	NCKAP1L
chr12:54531358-54531490	N_w	2	1	1	1	2	0	14	7	5	1	2	6	2	0	0	3	2	1	ENSG00000123338.12	NCKAP1L
chr12:54531585-54531742	N_w	1	0	0	0	1	0	18	8	4	0	1	3	2	0	0	0	1	2	ENSG00000123338.12	NCKAP1L
chr12:54531826-54532169	N_w	1	0	1	0	3	1	8	5	2	0	2	1	0	0	0	0	1	0	ENSG00000123338.12	NCKAP1L
chr12:54532251-54535103	N_w	1	0	1	1	2	0	8	5	2	3	0	3	0	0	0	1	0	1	ENSG00000123338.12	NCKAP1L
chr12:54535198-54536128	N_w	0	0	0	1	3	0	14	4	7	2	0	3	1	0	0	1	1	2	ENSG00000123338.12	NCKAP1L
chr12:54536246-54536943	N_w	1	2	1	0	0	0	13	4	6	2	1	4	0	2	0	2	0	7	ENSG00000123338.12	NCKAP1L
chr12:54537054-54538883	N_w	3	0	0	1	2	2	8	4	0	0	0	4	0	0	0	1	1	0	ENSG00000123338.12	NCKAP1L
chr12:54538974-54542574	N_w	2	0	0	0	2	1	13	5	1	0	1	4	1	0	2	3	5	5	ENSG00000123338.12	NCKAP1L
chr7:99374782-99385701	N_w	5	3	15	0	7	2	21	1	13	3	6	5	5	6	7	9	4	10	ENSG00000130429.12	ARPC1B
chr7:99377440-99385701	N_w	0	0	3	0	1	0	2	2	2	0	0	0	0	0	0	1	0	1	ENSG00000130429.12	ARPC1B
chr7:99377456-99385701	N_w	0	0	0	0	3	0	6	2	3	0	1	1	4	0	0	1	4	2	ENSG00000130429.12	ARPC1B
chr7:99385779-99386684	N_w	13	19	33	2	34	17	71	27	29	9	20	36	25	12	24	38	48	64	ENSG00000130429.12	ARPC1B
chr7:99386790-99388038	N_w	17	13	41	2	30	31	86	43	55	12	17	45	28	15	20	15	45	45	ENSG00000130429.12	ARPC1B
chr7:99388262-99389904	N_w	17	15	38	6	45	26	87	41	53	17	35	66	27	19	35	31	36	69	ENSG00000130429.12	ARPC1B
chr7:99390013-99390892	N_w	27	7	15	2	29	23	81	31	21	21	26	39	11	13	30	11	32	55	ENSG00000130429.12	ARPC1B
chr7:99391100-99391177	N_w	37	27	50	0	45	38	96	47	41	57	54	99	44	14	30	48	113	101	ENSG00000130429.12	ARPC1B
chr7:99391254-99392670	N_w	43	15	22	1	45	23	88	18	30	45	38	89	16	13	15	16	86	88	ENSG00000130429.12	ARPC1B
chr7:99392877-99394028	N_w	30	23	31	0	35	12	95	8	50	24	60	74	26	12	19	31	71	107	ENSG00000130429.12	ARPC1B
chr7:99394120-99394450	N_w	28	24	19	3	35	27	84	21	23	34	53	64	30	7	14	33	58	66	ENSG00000130429.12	ARPC1B
chr13:26557820-26612960	N_w	0	0	6	0	2	5	3	0	6	0	0	0	0	0	2	0	0	0	ENSG00000132970.12	WASF3
chr13:26613059-26642260	N_w	2	2	7	3	18	12	14	7	14	0	2	0	0	0	0	0	4	1	ENSG00000132970.12	WASF3
chr13:26642404-26665027	N_w	6	6	7	5	37	47	60	24	21	0	7	2	3	2	0	1	5	1	ENSG00000132970.12	WASF3
chr13:26665163-26667516	N_w	3	3	1	13	28	52	36	25	24	1	3	2	0	3	5	0	6	3	ENSG00000132970.12	WASF3
chr13:26667671-26671871	N_w	3	4	4	16	30	22	30	19	22	0	1	2	5	0	0	1	5	1	ENSG00000132970.12	WASF3
chr13:26671990-26676548	N_w	3	6	12	13	38	34	43	22	29	3	9	0	0	0	0	0	4	0	ENSG00000132970.12	WASF3
chr13:26671990-26680034	N_w	2	2	10	8	7	5	11	9	18	1	1	4	0	0	4	3	3	3	ENSG00000132970.12	WASF3
chr13:26676725-26680034	N_w	2	1	0	3	0	0	0	2	3	0	0	0	0	0	0	0	2	0	ENSG00000132970.12	WASF3
chr13:26676725-26681053	N_w	2	2	7	1	26	30	33	17	28	2	0	0	0	0	0	1	2	0	ENSG00000132970.12	WASF3
chr13:26680202-26681053	N_w	11	4	8	2	6	10	9	16	17	3	8	3	2	1	2	2	4	5	ENSG00000132970.12	WASF3
chr13:26681321-26682606	N_w	13	3	8	0	26	37	21	4	28	8	15	5	0	3	8	6	4	3	ENSG00000132970.12	WASF3
chr13:26682975-26685687	N_w	2	7	5	2	25	16	16	19	17	3	3	3	3	3	0	5	8	5	ENSG00000132970.12	WASF3
chr7:152759927-152783186	N_w	1	0	2	0	1	1	4	0	3	0	1	0	3	0	0	2	0	0	ENSG00000133627.17	ACTR3B
chr7:152759927-152800530	N_w	1	1	4	0	1	0	3	0	1	2	1	0	0	0	0	0	0	0	ENSG00000133627.17	ACTR3B
chr7:152783243-152800530	N_w	3	0	5	1	2	3	10	0	0	0	2	4	3	0	1	0	0	0	ENSG00000133627.17	ACTR3B
chr7:152800656-152801620	N_w	4	4	6	4	9	7	25	10	7	5	5	7	3	5	4	5	9	4	ENSG00000133627.17	ACTR3B
chr7:152801732-152811696	N_w	2	2	0	3	3	2	4	1	5	5	2	7	5	2	0	1	4	3	ENSG00000133627.17	ACTR3B
chr7:152801732-152814549	N_w	2	2	12	5	11	5	34	4	7	4	1	3	0	0	1	2	7	1	ENSG00000133627.17	ACTR3B
chr7:152811734-152814549	N_w	1	0	2	5	3	5	5	1	6	3	4	7	5	2	0	1	7	2	ENSG00000133627.17	ACTR3B
chr7:152814646-152816480	N_w	6	3	16	7	10	2	22	15	12	2	5	8	3	4	6	5	15	5	ENSG00000133627.17	ACTR3B
chr7:152816589-152820298	N_w	13	5	4	4	12	13	29	7	7	3	5	4	9	2	4	2	8	2	ENSG00000133627.17	ACTR3B
chr7:152820348-152823341	N_w	0	0	0	0	2	2	5	0	1	0	0	1	0	6	0	1	1	2	ENSG00000133627.17	ACTR3B
chr7:152820443-152823341	N_w	5	5	16	6	8	12	27	9	16	6	6	5	4	3	7	6	18	5	ENSG00000133627.17	ACTR3B
chr7:152823516-152825029	N_w	11	11	15	7	12	14	44	12	16	8	5	10	2	6	3	5	14	6	ENSG00000133627.17	ACTR3B
chr7:152825123-152842483	N_w	0	1	2	1	1	0	4	1	1	0	0	0	0	0	0	0	0	1	ENSG00000133627.17	ACTR3B
chr7:152825123-152852125	N_w	8	6	11	5	5	11	34	9	9	7	17	11	7	0	0	14	23	6	ENSG00000133627.17	ACTR3B
chr7:152852252-152853493	N_w	12	6	1	0	11	10	18	5	2	11	6	5	5	0	6	2	6	3	ENSG00000133627.17	ACTR3B
chr7:152853578-152854457	N_w	16	7	5	1	10	13	28	8	3	12	17	7	10	2	5	2	13	3	ENSG00000133627.17	ACTR3B
chr6:138424817-138425566	N_w	5	8	0	2	1	0	0	1	3	2	2	0	0	2	0	0	0	0	ENSG00000135540.11	NHSL1
chr6:138424817-138429710	N_w	26	17	45	4	21	12	20	16	24	14	37	12	0	5	5	11	28	4	ENSG00000135540.11	NHSL1
chr6:138424817-138447000	N_w	0	1	2	2	3	0	1	0	3	0	0	0	0	0	0	0	3	0	ENSG00000135540.11	NHSL1
chr6:138429844-138430392	N_w	22	21	8	0	6	14	13	11	7	8	16	7	0	2	0	3	11	0	ENSG00000135540.11	NHSL1
chr6:138433681-138441982	N_w	1	1	3	0	1	8	15	7	5	0	0	0	0	0	0	0	2	0	ENSG00000135540.11	NHSL1
chr6:138433681-138447000	N_w	5	8	18	6	16	17	5	12	21	3	5	4	0	0	0	0	5	0	ENSG00000135540.11	NHSL1
chr6:138442115-138447000	N_w	2	0	10	0	4	7	9	4	4	0	0	0	0	0	0	0	1	0	ENSG00000135540.11	NHSL1
chr6:138447194-138473305	N_w	13	16	20	19	15	11	27	11	21	4	3	6	3	0	2	4	10	0	ENSG00000135540.11	NHSL1
chr6:138473434-138496218	N_w	9	13	39	8	36	30	34	18	34	9	3	5	5	2	8	0	10	0	ENSG00000135540.11	NHSL1
chr6:138496372-138545622	N_w	5	4	10	3	11	5	5	6	7	1	3	2	0	0	3	2	3	2	ENSG00000135540.11	NHSL1
chr6:138572062-138572385	N_w	0	0	2	0	2	1	0	2	0	2	0	0	0	0	0	0	0	1	ENSG00000135540.11	NHSL1
chr6:138572062-138572441	N_w	0	0	4	0	3	0	1	0	1	0	1	1	0	0	0	0	1	0	ENSG00000135540.11	NHSL1
chr10:26748746-26751597	N_w	29	43	50	71	44	35	57	40	45	22	35	42	15	12	2	9	45	13	ENSG00000136754.16	ABI1
chr10:26751784-26755654	N_w	18	24	66	18	55	38	75	51	76	19	25	22	24	23	23	11	44	13	ENSG00000136754.16	ABI1
chr10:26751784-26759061	N_w	2	5	6	8	15	2	12	11	19	6	3	2	4	0	1	1	6	6	ENSG00000136754.16	ABI1
chr10:26751784-26765217	N_w	0	0	0	0	2	1	2	1	5	0	0	0	0	0	0	0	1	1	ENSG00000136754.16	ABI1
chr10:26755742-26759061	N_w	10	17	28	38	39	37	49	31	46	15	12	24	12	13	6	11	21	9	ENSG00000136754.16	ABI1
chr10:26759236-26763879	N_w	2	2	4	1	0	1	0	0	3	1	2	1	2	1	3	3	3	0	ENSG00000136754.16	ABI1
chr10:26759236-26765217	N_w	2	6	4	6	13	16	25	17	11	3	3	7	3	3	6	1	6	3	ENSG00000136754.16	ABI1
chr10:26759239-26763879	N_w	0	0	7	1	3	8	1	2	3	0	1	1	2	1	5	3	10	1	ENSG00000136754.16	ABI1
chr10:26759239-26765217	N_w	18	9	23	10	34	28	55	41	32	13	4	6	2	10	15	6	11	10	ENSG00000136754.16	ABI1
chr10:26763961-26765217	N_w	1	8	13	2	2	3	2	1	4	4	3	0	7	3	5	7	7	0	ENSG00000136754.16	ABI1
chr10:26765319-26768851	N_w	11	20	36	51	44	34	88	45	44	17	8	24	11	13	10	10	37	10	ENSG00000136754.16	ABI1
chr10:26768993-26770244	N_w	12	11	66	42	39	27	46	57	66	11	8	21	8	13	11	14	22	15	ENSG00000136754.16	ABI1
chr10:26770346-26771074	N_w	0	1	3	0	0	2	1	6	3	1	1	1	5	1	0	1	4	0	ENSG00000136754.16	ABI1
chr10:26770346-26777064	N_w	3	0	2	7	22	17	38	20	13	0	3	3	8	2	6	0	4	2	ENSG00000136754.16	ABI1
chr10:26771090-26777064	N_w	0	1	1	0	1	1	0	2	2	1	0	1	2	1	0	1	1	0	ENSG00000136754.16	ABI1
chr10:26777242-26823137	N_w	11	12	27	52	44	44	98	36	47	5	6	14	8	5	2	10	18	10	ENSG00000136754.16	ABI1
chr10:26823306-26860746	N_w	5	9	55	34	41	29	56	58	58	3	6	13	6	15	5	7	17	8	ENSG00000136754.16	ABI1
chr2:65227958-65239851	N_w	7	8	45	2	57	48	101	33	72	6	2	10	6	17	13	10	15	12	ENSG00000138071.13	ACTR2
chr2:65239963-65246523	N_w	11	3	61	38	69	69	159	77	87	3	6	16	15	14	5	12	24	19	ENSG00000138071.13	ACTR2
chr2:65242064-65246523	N_w	0	0	0	0	3	2	1	0	2	0	0	0	0	1	3	1	2	0	ENSG00000138071.13	ACTR2
chr2:65246740-65251026	N_w	21	10	93	121	107	97	257	97	127	5	13	25	9	21	23	14	27	35	ENSG00000138071.13	ACTR2
chr2:65251100-65253727	N_w	20	20	60	96	93	104	259	103	99	9	23	34	13	15	6	10	35	16	ENSG00000138071.13	ACTR2
chr2:65253865-65255544	N_w	31	16	121	149	102	106	244	126	162	13	34	38	24	27	19	21	36	27	ENSG00000138071.13	ACTR2
chr2:65255695-65261246	N_w	29	17	70	165	90	90	292	102	134	15	30	56	14	19	8	10	63	35	ENSG00000138071.13	ACTR2
chr2:65261393-65265042	N_w	31	19	95	166	100	125	324	156	219	18	24	42	13	18	19	14	47	32	ENSG00000138071.13	ACTR2
chr2:65265176-65268563	N_w	38	20	65	122	84	116	254	110	85	18	40	57	27	24	24	12	51	23	ENSG00000138071.13	ACTR2
chr2:203328632-203366876	N_w	9	20	31	16	61	40	62	45	62	5	16	6	6	8	14	8	11	5	ENSG00000138443.15	ABI2
chr2:203328632-203366880	N_w	1	1	1	2	7	1	3	0	4	1	0	0	0	0	0	0	0	0	ENSG00000138443.15	ABI2
chr2:203351679-203366876	N_w	0	0	0	1	3	1	2	2	2	0	0	0	0	0	0	0	0	0	ENSG00000138443.15	ABI2
chr2:203367045-203376056	N_w	0	0	2	4	1	2	8	1	0	1	0	1	0	0	0	0	3	0	ENSG00000138443.15	ABI2
chr2:203367045-203380207	N_w	20	17	22	62	43	38	53	22	31	6	14	10	4	5	7	1	16	5	ENSG00000138443.15	ABI2
chr2:203376133-203380207	N_w	0	0	1	3	0	3	4	2	2	0	0	3	0	0	0	0	0	0	ENSG00000138443.15	ABI2
chr2:203380385-203382188	N_w	10	6	4	11	6	17	4	16	11	6	3	4	0	0	1	1	7	0	ENSG00000138443.15	ABI2
chr2:203380385-203391045	N_w	15	20	18	35	23	19	38	32	36	8	6	11	6	6	6	6	25	5	ENSG00000138443.15	ABI2
chr2:203382207-203391045	N_w	8	5	1	11	6	19	4	16	11	5	1	3	0	3	2	0	6	0	ENSG00000138443.15	ABI2
chr2:203391144-203394699	N_w	15	13	34	6	54	60	56	76	75	15	11	13	3	8	11	6	20	14	ENSG00000138443.15	ABI2
chr2:203391144-203395655	N_w	13	14	8	9	14	6	5	7	6	9	10	6	13	6	3	9	15	0	ENSG00000138443.15	ABI2
chr2:203391144-203395658	N_w	2	2	1	1	5	3	0	2	1	3	1	0	0	0	0	1	2	0	ENSG00000138443.15	ABI2
chr2:203394847-203395655	N_w	20	19	40	15	45	66	84	55	51	10	22	25	8	3	15	10	37	4	ENSG00000138443.15	ABI2
chr2:203394847-203395658	N_w	3	4	4	1	8	5	7	7	5	3	1	4	1	1	0	0	1	3	ENSG00000138443.15	ABI2
chr2:203395781-203396784	N_w	14	17	25	3	40	44	5	23	27	9	12	5	3	0	3	10	13	0	ENSG00000138443.15	ABI2
chr2:203395781-203402575	N_w	5	6	4	5	18	6	43	25	23	3	5	8	2	7	0	6	2	2	ENSG00000138443.15	ABI2
chr2:203396968-203402575	N_w	12	21	31	11	49	53	8	24	40	9	12	7	2	4	6	4	11	0	ENSG00000138443.15	ABI2
chr2:203402735-203411284	N_w	18	13	20	29	35	30	51	23	14	18	16	12	6	3	5	3	22	4	ENSG00000138443.15	ABI2
chr2:203402735-203416907	N_w	13	23	22	22	40	33	40	36	43	15	18	17	17	5	4	5	33	4	ENSG00000138443.15	ABI2
chr2:203411372-203416907	N_w	28	47	63	49	50	33	59	61	73	32	28	27	14	7	2	17	54	10	ENSG00000138443.15	ABI2
chr2:203411372-203416913	N_w	1	0	2	1	1	2	8	3	5	1	1	2	0	0	0	2	1	0	ENSG00000138443.15	ABI2
chr2:203417082-203427176	N_w	33	46	16	67	54	59	61	39	24	45	52	27	7	8	27	3	54	2	ENSG00000138443.15	ABI2
chr2:203427270-203427495	N_w	0	2	3	4	1	2	6	1	4	1	3	1	0	1	1	1	0	0	ENSG00000138443.15	ABI2
chr2:203427270-203431000	N_w	0	1	1	1	0	0	1	2	2	0	1	0	0	0	0	0	2	0	ENSG00000138443.15	ABI2
chr1:27408347-27409691	N_w	12	12	37	1	61	55	103	48	43	17	4	11	9	5	0	4	12	2	ENSG00000158195.10	WASF2
chr1:27410207-27412571	N_w	9	19	15	26	38	32	48	24	34	12	6	15	7	5	0	4	11	6	ENSG00000158195.10	WASF2
chr1:27412728-27414832	N_w	11	13	19	41	55	38	54	46	38	16	6	16	0	3	2	3	15	0	ENSG00000158195.10	WASF2
chr1:27414964-27415984	N_w	25	23	66	147	79	55	131	68	134	19	9	25	7	7	17	9	32	6	ENSG00000158195.10	WASF2
chr1:27416103-27418268	N_w	17	33	80	101	77	50	123	70	141	13	10	21	8	9	15	8	23	5	ENSG00000158195.10	WASF2
chr1:27418423-27418953	N_w	20	16	85	47	84	68	98	76	109	17	9	23	18	3	11	3	22	4	ENSG00000158195.10	WASF2
chr1:27419089-27428760	N_w	10	8	5	1	33	34	38	27	9	1	5	5	6	0	1	1	11	1	ENSG00000158195.10	WASF2
chr1:27428934-27489985	N_w	8	10	43	0	36	27	33	8	50	10	5	11	0	3	0	5	19	10	ENSG00000158195.10	WASF2
chr1:32742190-32767786	N_w	0	1	4	0	1	2	6	0	2	0	0	0	0	0	0	2	0	0	ENSG00000162522.10	KIAA1522
chr1:32754181-32767786	N_w	2	1	1	0	5	5	6	1	10	0	1	0	0	0	0	0	1	0	ENSG00000162522.10	KIAA1522
chr1:32767958-32768061	N_w	2	1	4	0	14	3	34	17	12	3	3	2	0	3	3	1	6	3	ENSG00000162522.10	KIAA1522
chr1:32768118-32768651	N_w	1	2	5	0	13	5	41	20	14	3	2	2	0	4	0	0	2	2	ENSG00000162522.10	KIAA1522
chr1:32768776-32769672	N_w	2	2	1	0	8	6	29	7	6	2	3	1	0	0	0	0	1	1	ENSG00000162522.10	KIAA1522
chr1:32769787-32769879	N_w	0	2	2	0	8	2	23	4	7	0	2	0	0	0	1	0	0	0	ENSG00000162522.10	KIAA1522
chr1:32772442-32772864	N_w	1	7	5	0	10	8	35	15	16	4	4	5	2	2	0	2	5	1	ENSG00000162522.10	KIAA1522
chr1:183627595-183630460	N_w	7	15	18	42	30	40	70	53	22	17	24	77	15	8	12	5	35	18	ENSG00000162704.15	ARPC5
chr1:183630638-183633081	N_w	40	31	99	19	78	63	131	87	123	24	56	123	22	16	47	18	91	36	ENSG00000162704.15	ARPC5
chr1:183633154-183635515	N_w	0	25	0	0	0	0	0	0	0	34	34	0	36	14	50	41	0	0	ENSG00000162704.15	ARPC5
chr2:218217255-218217462	N_w	13	20	40	0	33	13	42	3	30	7	23	16	18	14	32	24	24	19	ENSG00000163466.15	ARPC2
chr2:218217545-218225919	N_w	56	79	518	37	141	122	255	56	353	67	88	175	95	72	160	135	258	74	ENSG00000163466.15	ARPC2
chr2:218225955-218228737	N_w	77	84	341	82	130	128	275	71	267	76	111	182	71	49	90	82	266	65	ENSG00000163466.15	ARPC2
chr2:218228851-218234351	N_w	109	128	175	261	176	182	352	157	218	89	167	238	90	47	64	69	359	65	ENSG00000163466.15	ARPC2
chr2:218228851-218238663	N_w	0	3	3	5	15	5	7	9	7	5	1	2	0	2	0	0	6	1	ENSG00000163466.15	ARPC2
chr2:218234398-218238663	N_w	123	141	175	334	220	198	416	258	194	108	166	243	128	57	70	57	327	83	ENSG00000163466.15	ARPC2
chr2:218235045-218238663	N_w	1	0	2	1	0	1	1	1	0	1	0	0	0	0	0	0	0	5	ENSG00000163466.15	ARPC2
chr2:218236734-218238663	N_w	0	0	1	1	0	1	0	1	3	3	3	2	0	0	0	1	4	2	ENSG00000163466.15	ARPC2
chr2:218238851-218239390	N_w	213	170	157	391	227	194	372	247	145	177	272	306	101	77	91	52	471	89	ENSG00000163466.15	ARPC2
chr2:218238851-218245419	N_w	2	1	0	1	9	1	0	6	4	4	0	0	0	0	0	0	0	0	ENSG00000163466.15	ARPC2
chr2:218239485-218245419	N_w	220	228	238	231	228	177	393	337	261	167	291	286	132	102	145	165	432	147	ENSG00000163466.15	ARPC2
chr2:218239485-218249363	N_w	0	0	0	0	1	1	2	3	3	2	0	1	0	0	0	0	1	0	ENSG00000163466.15	ARPC2
chr2:218245547-218249363	N_w	324	233	367	91	334	282	481	438	418	332	423	434	226	128	227	320	706	251	ENSG00000163466.15	ARPC2
chr2:218249465-218249820	N_w	290	247	441	123	388	357	603	387	432	288	443	406	247	169	215	283	797	225	ENSG00000163466.15	ARPC2
chr2:218249922-218253890	N_w	306	333	269	212	339	271	559	453	268	333	456	563	232	96	156	245	815	200	ENSG00000163466.15	ARPC2
chrX:17728329-17728648	N_w	0	2	0	1	0	0	2	1	1	1	0	0	0	2	0	0	0	0	ENSG00000188158.14	NHS
chrX:72134219-72134508	N_w	0	0	1	1	1	2	3	2	1	0	0	0	0	0	0	0	0	0	ENSG00000204131.9	NHSL2
chrX:72134705-72137093	N_w	0	0	1	0	4	1	5	1	0	0	0	0	0	0	0	0	0	0	ENSG00000204131.9	NHSL2
chrX:72137226-72138440	N_w	0	0	1	0	1	2	1	4	2	0	0	0	0	0	0	0	0	1	ENSG00000204131.9	NHSL2
chrX:72140772-72142231	N_w	2	0	7	2	6	3	14	11	25	1	2	1	0	0	0	0	2	2	ENSG00000204131.9	NHSL2
chrX:72142365-72143252	N_w	0	1	0	0	3	6	12	0	3	0	1	0	0	0	0	0	2	0	ENSG00000204131.9	NHSL2
chr3:9792706-9797658	N_w	2	2	2	0	0	2	5	0	3	3	1	2	0	0	2	6	1	0	ENSG00000241553.12	ARPC4
chr3:9793125-9797658	N_w	7	4	13	0	3	5	16	1	11	0	7	7	1	7	10	4	13	5	ENSG00000241553.12	ARPC4
chr3:9797778-9799878	N_w	0	0	1	0	3	1	1	0	1	3	0	0	0	0	2	0	2	1	ENSG00000241553.12	ARPC4
chr3:9797778-9800184	N_w	56	37	105	22	81	75	160	72	113	35	46	103	36	37	67	28	112	44	ENSG00000241553.12	ARPC4
chr3:9800068-9800184	N_w	1	0	0	2	2	3	3	4	0	3	2	0	0	3	0	0	1	0	ENSG00000241553.12	ARPC4
chr3:9800297-9801660	N_w	64	49	85	57	93	64	234	86	81	38	62	90	38	14	34	17	129	32	ENSG00000241553.12	ARPC4
chr3:9800297-9803842	N_w	0	1	3	0	0	1	4	2	2	0	4	2	1	0	0	0	3	2	ENSG00000241553.12	ARPC4
chr3:9801757-9803842	N_w	63	69	93	109	114	83	246	132	127	51	56	75	41	24	32	31	122	74	ENSG00000241553.12	ARPC4
chr3:9803708-9803842	N_w	2	1	2	0	2	1	3	1	0	0	0	2	0	1	0	0	1	1	ENSG00000241553.12	ARPC4
chr3:9804014-9806209	N_w	115	93	154	88	131	127	323	228	140	108	153	164	66	48	91	60	281	71	ENSG00000241553.12	ARPC4
chr7:99326005-99333324	N_w	23	28	74	13	45	33	80	30	72	15	45	32	37	29	55	87	48	29	ENSG00000241685.9	ARPC1A
chr7:99333418-99338180	N_w	79	77	196	85	146	127	294	121	177	48	71	129	160	68	119	123	236	40	ENSG00000241685.9	ARPC1A
chr7:99338286-99344292	N_w	71	40	91	27	95	72	206	70	83	40	69	93	97	42	84	67	153	25	ENSG00000241685.9	ARPC1A
chr7:99344516-99348851	N_w	76	66	212	90	126	141	244	183	205	71	93	129	123	64	74	94	193	46	ENSG00000241685.9	ARPC1A
chr7:99348960-99353908	N_w	32	35	29	39	50	33	109	39	32	24	38	34	18	13	26	27	62	13	ENSG00000241685.9	ARPC1A
chr7:99354122-99358339	N_w	43	20	25	3	37	25	86	31	13	34	74	37	17	12	25	28	55	13	ENSG00000241685.9	ARPC1A
chr7:99358416-99359544	N_w	77	69	125	16	124	110	187	103	92	72	140	109	96	64	90	158	212	50	ENSG00000241685.9	ARPC1A
chr7:99359739-99363542	N_w	143	114	122	38	103	101	236	129	89	91	227	186	135	45	97	86	255	80	ENSG00000241685.9	ARPC1A
chr7:99360275-99363542	N_w	3	1	0	0	3	2	0	2	0	1	0	0	0	0	0	0	0	0	ENSG00000241685.9	ARPC1A
chr7:99363634-99365890	N_w	145	105	143	51	125	112	223	117	107	102	262	148	119	43	129	106	282	108	ENSG00000241685.9	ARPC1A
chr3:10115820-10118905	N_w	4	10	24	2	5	4	8	1	14	4	8	4	2	1	12	6	13	7	ENSG00000254999.3	BRK1
chr3:10115820-10125625	N_w	180	193	476	269	251	166	419	232	382	125	211	383	164	116	231	193	454	176	ENSG00000254999.3	BRK1
chr3:10118971-10125625	N_w	10	7	21	25	6	6	18	7	14	10	20	13	4	3	5	8	32	12	ENSG00000254999.3	BRK1
chr3:10125709-10126268	N_w	263	198	379	238	342	214	522	353	415	175	252	354	218	129	247	180	563	199	ENSG00000254999.3	BRK1
chr15:22870193-22872824	N_w	22	23	8	24	35	18	95	43	19	34	43	48	5	6	4	7	46	24	ENSG00000273749.4	CYFIP1
chr15:22872973-22873490	N_w	31	28	35	10	64	34	188	77	44	50	63	115	35	9	7	32	72	51	ENSG00000273749.4	CYFIP1
chr15:22873730-22874549	N_w	19	11	25	5	31	19	100	47	42	24	30	39	9	3	10	10	39	16	ENSG00000273749.4	CYFIP1
chr15:22874645-22875198	N_w	28	25	28	13	40	39	111	97	44	27	38	57	10	5	5	11	66	32	ENSG00000273749.4	CYFIP1
chr15:22875272-22879912	N_w	33	23	46	8	40	38	116	69	70	17	49	63	14	5	7	10	46	22	ENSG00000273749.4	CYFIP1
chr15:22880044-22881845	N_w	25	26	32	1	53	32	145	61	42	29	38	86	12	4	25	7	76	34	ENSG00000273749.4	CYFIP1
chr15:22881937-22882867	N_w	19	17	29	0	51	30	104	42	33	26	19	33	7	8	18	10	40	31	ENSG00000273749.4	CYFIP1
chr15:22883012-22892889	N_w	29	14	47	18	44	31	152	35	78	19	28	33	10	4	15	21	40	28	ENSG00000273749.4	CYFIP1
chr15:22892978-22903705	N_w	37	26	50	12	51	37	156	62	87	37	47	85	10	7	10	13	55	37	ENSG00000273749.4	CYFIP1
chr15:22903906-22909193	N_w	15	20	23	10	33	28	93	53	47	18	34	32	8	7	5	9	37	30	ENSG00000273749.4	CYFIP1
chr15:22909314-22910519	N_w	18	17	32	3	43	28	103	62	30	15	17	41	9	7	19	10	38	19	ENSG00000273749.4	CYFIP1
chr15:22910629-22910736	N_w	22	15	34	23	39	28	107	51	55	16	22	42	13	7	1	13	42	20	ENSG00000273749.4	CYFIP1
chr15:22910814-22912178	N_w	18	16	38	13	34	47	136	66	46	22	25	28	12	7	12	8	31	29	ENSG00000273749.4	CYFIP1
chr15:22912276-22914725	N_w	22	12	21	4	29	21	91	39	42	19	22	18	5	2	11	4	20	13	ENSG00000273749.4	CYFIP1
chr15:22914883-22916476	N_w	5	19	21	23	25	24	68	50	39	11	19	29	4	0	2	5	22	18	ENSG00000273749.4	CYFIP1
chr15:22916631-22917787	N_w	5	2	8	1	20	20	59	19	17	1	9	19	6	3	3	4	12	7	ENSG00000273749.4	CYFIP1
chr15:22917936-22918691	N_w	7	5	20	0	39	26	107	39	36	9	11	28	8	0	3	3	20	13	ENSG00000273749.4	CYFIP1
chr15:22918859-22925524	N_w	2	2	0	0	0	2	1	0	1	0	0	0	0	0	0	1	3	0	ENSG00000273749.4	CYFIP1
chr15:22918859-22925981	N_w	4	2	12	1	36	21	70	18	15	2	4	5	6	0	4	1	4	7	ENSG00000273749.4	CYFIP1
chr15:22925579-22925981	N_w	1	1	1	0	0	1	1	0	1	1	0	3	0	0	0	0	0	0	ENSG00000273749.4	CYFIP1
chr15:22926108-22927905	N_w	4	2	11	0	24	22	54	9	24	11	10	5	3	1	10	2	7	22	ENSG00000273749.4	CYFIP1
chr15:22928029-22932222	N_w	5	3	8	0	21	16	37	13	12	4	2	9	9	1	0	3	8	3	ENSG00000273749.4	CYFIP1
chr15:22932341-22933801	N_w	7	7	30	20	40	31	117	41	54	9	9	16	2	3	10	8	12	13	ENSG00000273749.4	CYFIP1
chr15:22933894-22937103	N_w	14	11	42	39	38	36	104	46	63	7	21	27	0	1	16	7	30	13	ENSG00000273749.4	CYFIP1
chr15:22937209-22939191	N_w	6	13	22	21	26	24	85	33	29	4	13	17	9	3	2	4	4	8	ENSG00000273749.4	CYFIP1
chr15:22939321-22939410	N_w	5	4	11	10	32	23	79	40	29	8	11	8	2	0	0	4	9	7	ENSG00000273749.4	CYFIP1
chr15:22939508-22943172	N_w	4	5	24	10	42	35	108	42	60	6	9	31	18	3	5	5	12	23	ENSG00000273749.4	CYFIP1
chr15:22943355-22944557	N_w	9	3	15	8	25	21	93	26	29	1	15	16	2	6	2	6	15	6	ENSG00000273749.4	CYFIP1
chr15:22944660-22944861	N_w	11	7	20	8	34	26	103	44	68	6	14	12	8	4	7	6	10	11	ENSG00000273749.4	CYFIP1
chr15:22944940-22947002	N_w	2	2	7	4	22	13	69	21	20	2	5	6	1	1	0	4	4	5	ENSG00000273749.4	CYFIP1
chr15:22947093-22947168	N_w	3	5	16	5	24	25	54	9	49	6	7	4	5	12	6	3	11	17	ENSG00000273749.4	CYFIP1
chr15:22947292-22980286	N_w	0	3	0	0	5	3	13	0	4	1	1	2	3	2	0	1	2	4	ENSG00000273749.4	CYFIP1
