junction	type	ERR2598051	ERR2598069	ERR2598070	ERR2598071	ERR2598072	ERR2598089	ERR2598102	ERR2598103	ERR2598120	ERR2598121	ERR2598148	ERR2598150	ERR2598151	ERR2598152	ERR2598164	ERR2598165	ERR2598166	ERR2598180	ERR2598181	ERR2598206	ERR2598207	ERR2598208	ERR2598227	ERR2598228	ERR2598229	ERR2598250	ERR2598251	ERR2598252	ERR2598266	ERR2598268	ERR2598269	ERR2598280	ERR2598281	ERR2598328	ERR2598329	ERR2598335	ERR2598336	ERR2598337	ERR2598346	ERR2598347	ERR2598348	ERR2598349	ERR2598350	ERR2598104	ERR2598137	ERR2598149	ERR2598226	ERR2598267	ERR2598305	ERR2598306	geneID	geneName
chr5:157266196-157285338	N_w	11	3	0	15	15	5	4	5	18	10	4	6	0	5	2	1	12	2	8	1	26	12	5	2	3	0	0	3	2	3	0	1	8	1	8	1	14	10	17	17	29	4	8	12	9	17	0	14	7	7	ENSG00000055163.19	CYFIP2
chr5:157266585-157285338	N_w	0	1	1	1	1	0	1	0	4	1	0	1	0	1	1	1	3	0	0	3	5	1	1	1	3	0	0	0	2	1	0	0	1	0	3	0	21	3	4	5	8	1	5	4	0	4	0	4	2	2	ENSG00000055163.19	CYFIP2
chr5:157285479-157287018	N_w	103	11	15	54	87	94	117	34	172	92	115	38	11	125	44	33	96	38	71	35	157	111	103	12	78	17	6	18	56	9	11	18	98	2	58	6	77	72	154	277	170	48	357	113	45	143	15	201	107	198	ENSG00000055163.19	CYFIP2
chr5:157287109-157294782	N_w	34	11	5	14	40	46	58	15	43	29	52	14	1	61	21	9	33	16	17	30	51	71	28	5	42	4	5	3	17	4	3	8	28	0	24	2	29	40	43	111	60	12	119	59	15	53	10	58	31	52	ENSG00000055163.19	CYFIP2
chr5:157287109-157296672	N_w	0	0	0	0	0	1	1	0	0	0	1	0	0	0	0	1	0	1	0	0	1	1	0	0	1	0	0	0	0	0	0	1	0	0	0	0	0	1	1	4	1	0	3	0	1	0	0	1	0	0	ENSG00000055163.19	CYFIP2
chr5:157294861-157296672	N_w	98	28	25	68	129	137	123	62	129	70	144	44	14	146	46	26	77	38	55	54	188	94	73	18	108	7	2	16	74	15	18	20	91	4	65	7	100	75	160	361	191	79	384	110	55	127	12	203	120	180	ENSG00000055163.19	CYFIP2
chr5:157296775-157300714	N_w	39	11	9	34	49	47	54	22	77	30	67	20	4	75	23	12	34	22	28	38	56	51	35	15	54	3	8	8	11	4	3	17	31	2	25	2	25	28	47	113	62	19	57	73	24	38	18	63	30	63	ENSG00000055163.19	CYFIP2
chr5:157296775-157307760	N_w	0	0	0	0	1	1	0	0	0	1	0	0	0	0	0	0	0	1	0	0	0	1	1	0	1	0	0	0	0	1	0	0	0	0	0	0	0	0	1	0	0	0	1	1	0	0	0	0	0	2	ENSG00000055163.19	CYFIP2
chr5:157300897-157302793	N_w	48	14	25	32	60	86	66	34	75	43	77	32	6	83	34	16	43	22	31	37	83	74	50	22	72	3	10	8	41	7	8	20	52	5	33	14	42	66	94	139	96	43	193	88	34	67	11	110	58	109	ENSG00000055163.19	CYFIP2
chr5:157302891-157304237	N_w	105	20	28	58	122	134	122	83	155	95	123	28	11	169	35	28	56	31	69	58	174	101	99	30	75	14	8	16	40	11	20	37	86	8	56	18	50	94	143	344	162	61	145	151	68	100	27	201	56	161	ENSG00000055163.19	CYFIP2
chr5:157304367-157307760	N_w	61	22	37	38	73	85	84	59	109	77	103	34	10	137	35	26	29	35	52	46	111	78	96	26	69	9	2	13	42	10	26	14	62	2	36	9	84	71	103	305	115	49	226	72	50	95	23	188	70	156	ENSG00000055163.19	CYFIP2
chr5:157307866-157309742	N_w	35	11	14	29	46	90	73	32	75	40	93	18	4	79	16	22	29	20	24	44	55	48	75	13	50	8	4	12	30	9	6	21	33	1	25	0	62	38	49	163	75	29	99	60	29	58	15	94	37	82	ENSG00000055163.19	CYFIP2
chr5:157307866-157309745	N_w	0	0	0	2	0	3	0	1	0	0	0	0	0	2	1	1	0	0	0	0	3	0	0	0	1	0	0	0	0	0	0	0	0	0	3	0	0	3	1	2	3	0	2	0	0	2	0	3	1	0	ENSG00000055163.19	CYFIP2
chr5:157309835-157311663	N_w	55	15	14	29	57	69	56	38	95	56	86	14	4	86	18	16	40	18	38	38	92	52	92	17	45	13	5	15	36	7	12	14	66	1	36	8	106	86	100	260	126	42	203	67	49	68	29	138	61	95	ENSG00000055163.19	CYFIP2
chr5:157311782-157314343	N_w	39	19	16	49	73	70	47	22	103	44	75	25	10	95	27	13	27	36	35	36	88	62	70	19	53	12	2	18	27	11	17	19	62	1	36	2	61	73	100	236	97	34	137	60	26	72	10	128	54	91	ENSG00000055163.19	CYFIP2
chr5:157314464-157314968	N_w	50	17	22	50	70	46	67	26	79	66	70	34	1	83	30	23	37	15	31	32	74	45	80	12	48	9	2	8	35	17	15	20	58	5	34	6	83	62	83	195	118	28	182	77	32	65	17	105	74	84	ENSG00000055163.19	CYFIP2
chr5:157315095-157319761	N_w	70	17	19	49	82	78	111	43	114	66	116	59	15	119	31	24	49	28	59	45	87	83	66	20	58	12	11	18	66	10	16	43	79	1	59	3	89	74	137	216	133	52	229	117	62	78	20	171	97	165	ENSG00000055163.19	CYFIP2
chr5:157319929-157320654	N_w	54	24	24	50	107	54	69	36	100	55	56	25	13	77	26	31	30	22	37	41	89	51	93	19	73	16	7	20	38	14	19	25	89	4	59	6	89	80	127	143	158	57	125	94	45	84	26	177	83	86	ENSG00000055163.19	CYFIP2
chr5:157320803-157322941	N_w	0	0	1	0	0	1	0	0	0	0	1	0	0	0	0	0	0	0	0	0	1	0	1	0	0	0	0	0	3	2	0	1	5	0	2	0	26	2	9	13	11	2	8	0	0	0	0	12	4	10	ENSG00000055163.19	CYFIP2
chr5:157320803-157323920	N_w	83	28	31	63	113	98	99	57	144	80	129	45	12	117	35	31	60	32	59	57	111	70	118	26	80	22	8	30	43	9	14	19	71	5	52	9	70	95	125	226	141	57	182	92	58	81	35	154	67	122	ENSG00000055163.19	CYFIP2
chr5:157323017-157323920	N_w	1	0	0	0	1	0	0	1	0	0	1	0	0	0	0	0	0	0	0	0	0	0	1	0	1	1	0	0	2	1	2	9	12	0	3	2	0	2	16	9	16	9	5	0	0	0	0	13	3	14	ENSG00000055163.19	CYFIP2
chr5:157324075-157325481	N_w	51	22	22	53	89	110	76	46	134	84	92	49	13	102	31	40	48	27	41	72	120	69	97	26	50	27	13	17	58	13	22	30	111	3	63	9	119	86	150	285	173	64	194	112	70	81	10	168	90	121	ENSG00000055163.19	CYFIP2
chr5:157324075-157325484	N_w	0	0	0	0	0	0	0	0	0	1	0	0	0	0	0	0	0	0	0	0	0	0	1	0	0	0	0	0	0	0	0	0	2	0	0	0	0	0	2	1	0	1	0	0	0	0	0	0	0	2	ENSG00000055163.19	CYFIP2
chr5:157325639-157326170	N_w	129	35	46	85	150	145	144	99	179	121	121	78	11	147	33	36	69	38	67	92	117	102	169	37	108	33	15	41	96	21	42	61	168	9	95	26	167	130	266	395	245	137	358	167	77	133	39	325	144	220	ENSG00000055163.19	CYFIP2
chr5:157326268-157327972	N_w	41	23	23	21	36	47	32	24	56	0	62	19	7	44	16	23	10	17	22	51	31	35	0	9	0	11	5	11	16	5	10	22	46	2	0	5	14	37	0	138	48	19	50	0	20	0	19	59	20	52	ENSG00000055163.19	CYFIP2
chr5:157328050-157330741	N_w	83	38	34	70	80	104	120	87	153	106	135	61	32	153	31	39	65	42	67	71	128	74	139	26	113	34	13	33	104	28	47	83	189	16	85	49	108	94	292	438	219	117	435	156	95	110	36	297	187	219	ENSG00000055163.19	CYFIP2
chr5:157330851-157333326	N_w	107	37	37	52	89	133	107	99	182	88	144	73	9	160	37	31	80	37	73	74	132	92	128	46	90	22	29	34	103	38	40	69	186	19	91	33	103	82	246	373	201	91	427	152	87	126	41	291	226	225	ENSG00000055163.19	CYFIP2
chr5:157333447-157339056	N_w	63	43	30	49	95	83	102	67	132	93	136	52	5	154	32	19	34	21	49	65	96	86	90	19	79	28	15	25	50	18	37	73	119	9	69	43	87	79	161	243	147	88	194	119	51	73	30	226	118	136	ENSG00000055163.19	CYFIP2
chr5:157339257-157341069	N_w	115	66	42	80	141	154	142	107	232	125	180	93	40	202	50	57	75	44	85	81	129	100	165	58	90	45	24	44	153	92	62	131	267	26	123	89	223	153	405	492	302	174	714	209	125	138	37	410	398	264	ENSG00000055163.19	CYFIP2
chr5:157341158-157359004	N_w	154	91	111	113	193	205	204	186	316	185	252	130	65	289	60	48	142	68	94	163	183	127	242	90	199	93	54	83	245	115	113	181	473	42	231	168	462	266	671	808	489	235	962	264	153	184	65	704	644	448	ENSG00000055163.19	CYFIP2
chr5:157359149-157360281	N_w	94	61	36	73	129	120	116	111	180	95	157	84	25	162	44	34	59	36	59	104	92	98	138	73	129	58	31	40	154	94	80	136	291	28	121	151	198	173	331	345	262	165	423	178	86	103	53	305	265	194	ENSG00000055163.19	CYFIP2
chr5:157360373-157360554	N_w	0	1	0	1	0	1	0	0	0	0	0	0	0	1	0	0	1	0	0	1	0	0	0	1	1	0	0	0	0	0	0	0	0	0	0	0	0	0	0	0	0	0	0	0	0	1	1	0	0	0	ENSG00000055163.19	CYFIP2
chr5:157360373-157361467	N_w	156	94	92	128	200	217	182	184	327	136	242	133	81	228	60	62	99	58	117	139	179	130	277	87	152	91	58	81	221	145	124	207	430	55	182	238	452	238	551	692	420	254	638	225	143	156	69	519	429	331	ENSG00000055163.19	CYFIP2
chr5:157360623-157361467	N_w	0	0	1	0	0	1	1	0	2	1	0	0	0	0	0	0	0	0	0	1	0	0	1	1	0	1	1	0	0	0	0	1	0	0	0	0	0	0	0	0	0	0	1	1	1	0	0	0	2	0	ENSG00000055163.19	CYFIP2
chr5:157361599-157382589	N_w	96	77	55	88	165	123	125	117	186	119	171	118	45	172	30	33	57	43	61	89	116	81	141	50	130	54	47	56	153	108	100	159	335	38	160	231	266	168	364	402	297	182	416	146	111	104	50	393	307	234	ENSG00000055163.19	CYFIP2
chr5:157382663-157383264	N_w	79	95	35	76	132	80	90	82	147	85	123	71	15	140	39	20	28	41	50	107	58	72	141	66	88	60	53	57	71	27	95	127	185	23	101	129	179	145	257	232	199	117	179	150	85	84	22	263	111	138	ENSG00000055163.19	CYFIP2
chr5:157383360-157389188	N_w	82	65	52	67	109	52	81	68	162	71	96	77	34	131	26	21	23	20	49	90	55	47	147	39	82	55	43	37	90	41	108	134	232	34	126	181	259	149	284	216	239	130	137	105	77	57	38	270	133	150	ENSG00000055163.19	CYFIP2
chr5:157389428-157390520	N_w	69	54	27	42	93	32	50	49	113	49	75	63	28	118	26	23	19	26	30	49	63	53	79	25	53	34	33	45	28	23	74	88	120	20	65	156	68	68	166	202	162	63	68	102	58	85	20	117	79	73	ENSG00000055163.19	CYFIP2
chr5:157389428-157390524	N_w	2	0	0	0	1	0	0	0	0	0	0	0	0	1	0	0	0	0	0	0	0	0	0	0	0	0	1	0	0	0	0	0	0	0	0	0	4	0	0	0	0	0	0	0	0	0	0	2	0	0	ENSG00000055163.19	CYFIP2
chr5:157389428-157392832	N_w	1	2	2	3	2	0	0	1	0	2	0	3	0	0	0	0	0	1	0	1	5	1	1	0	0	0	1	0	0	0	0	0	0	0	2	0	0	1	1	1	1	0	0	1	1	0	1	0	0	0	ENSG00000055163.19	CYFIP2
chr5:157390666-157392832	N_w	0	0	0	1	0	0	0	2	0	1	0	0	0	1	0	0	0	0	0	0	0	0	0	0	1	0	2	0	1	0	0	0	0	0	0	1	0	0	1	1	1	0	0	0	0	0	0	0	0	0	ENSG00000055163.19	CYFIP2
chr5:157390669-157392832	N_w	94	77	69	67	103	99	104	100	188	88	131	105	41	135	27	23	47	21	58	83	103	67	129	58	68	89	71	58	112	85	142	194	287	72	105	415	163	132	325	386	283	176	282	138	101	92	37	266	260	175	ENSG00000055163.19	CYFIP2
chr5:157391817-157392832	N_w	0	0	0	0	0	0	0	0	0	0	0	0	0	0	0	0	0	0	0	2	0	1	7	0	0	1	0	0	1	0	0	0	0	0	0	0	0	0	0	0	0	0	0	0	0	0	1	0	0	0	ENSG00000055163.19	CYFIP2
chr2:182925819-182926815	N_w	71	52	49	19	45	65	51	47	127	59	109	77	23	66	23	44	52	27	104	120	55	68	79	37	78	43	23	42	70	30	57	55	117	19	76	63	19	46	171	198	77	70	123	67	67	41	43	148	164	85	ENSG00000061676.14	NCKAP1
chr2:182926906-182928116	N_w	264	115	200	118	225	249	277	249	484	198	370	223	105	344	113	166	177	144	255	317	290	201	299	150	214	131	70	130	173	69	161	129	363	36	208	112	209	202	542	723	504	209	370	212	217	188	137	553	410	337	ENSG00000061676.14	NCKAP1
chr2:182928227-182928782	N_w	152	88	109	109	175	170	161	162	294	169	225	156	75	208	89	102	122	102	178	163	236	132	177	118	150	100	29	81	103	48	105	75	181	10	128	49	213	153	328	487	283	119	256	185	162	180	109	359	274	215	ENSG00000061676.14	NCKAP1
chr2:182928900-182930694	N_w	218	108	135	116	155	199	224	170	371	177	309	190	59	264	103	94	171	96	174	224	209	128	223	104	190	92	39	75	167	50	126	100	268	23	184	72	191	168	411	605	292	157	292	209	136	151	115	437	274	268	ENSG00000061676.14	NCKAP1
chr2:182930789-182934751	N_w	110	72	73	69	108	121	158	150	189	155	210	130	34	187	69	72	122	78	117	151	132	131	108	64	111	54	19	39	101	44	72	68	188	15	122	44	57	101	261	369	201	102	200	165	101	121	84	332	206	215	ENSG00000061676.14	NCKAP1
chr2:182930789-182942069	N_w	1	0	0	0	0	1	0	0	1	0	1	0	0	0	0	0	1	1	0	2	0	0	0	1	0	1	0	0	1	0	0	0	0	0	0	0	0	0	0	0	0	0	0	0	0	0	0	0	1	0	ENSG00000061676.14	NCKAP1
chr2:182934833-182935264	N_w	2	0	0	0	1	0	0	0	1	2	0	0	0	1	0	0	1	0	0	2	0	0	0	0	4	0	0	0	0	0	0	0	0	0	0	0	0	0	0	0	0	0	0	0	0	2	0	0	0	1	ENSG00000061676.14	NCKAP1
chr2:182934833-182935292	N_w	176	63	82	59	113	134	109	129	186	113	168	129	50	126	81	73	133	81	133	189	118	92	118	50	179	57	22	42	95	32	84	69	165	8	111	30	70	90	223	362	117	133	213	145	85	102	87	367	193	175	ENSG00000061676.14	NCKAP1
chr2:182935376-182942069	N_w	262	83	155	146	192	271	345	208	482	229	439	218	75	311	115	135	246	162	302	242	310	228	250	122	199	70	31	72	212	56	101	93	286	24	182	51	244	241	447	653	415	159	370	294	200	201	122	485	318	374	ENSG00000061676.14	NCKAP1
chr2:182942164-182952404	N_w	187	66	78	51	95	138	95	135	229	174	140	81	61	102	60	83	101	77	175	142	241	101	174	67	136	50	24	49	83	26	69	47	114	9	104	24	59	66	251	544	197	96	232	119	116	160	74	332	187	187	ENSG00000061676.14	NCKAP1
chr2:182952503-182952792	N_w	181	51	86	37	78	194	225	155	334	152	271	119	46	216	75	78	169	106	170	179	181	167	178	76	171	74	21	55	126	27	56	39	138	3	128	24	26	43	248	570	121	80	347	169	123	144	92	324	225	198	ENSG00000061676.14	NCKAP1
chr2:182952924-182953112	N_w	171	57	79	53	77	194	168	126	307	171	242	113	47	177	76	100	191	95	177	145	222	152	189	70	145	49	16	40	110	25	52	36	151	8	106	24	85	86	237	455	127	74	253	162	103	152	103	309	190	221	ENSG00000061676.14	NCKAP1
chr2:182953332-182956461	N_w	171	32	71	98	162	190	266	129	285	184	201	116	46	197	86	103	238	99	176	124	285	192	163	53	139	38	6	51	130	37	62	21	145	8	111	17	298	157	251	438	271	84	475	209	121	153	77	352	258	275	ENSG00000061676.14	NCKAP1
chr2:182956594-182957456	N_w	120	28	43	72	170	128	139	117	224	143	182	104	19	151	91	77	163	86	148	102	193	107	126	53	98	22	4	34	55	8	27	23	99	2	72	8	212	122	146	399	205	61	156	140	74	116	59	229	117	173	ENSG00000061676.14	NCKAP1
chr2:182957597-182962158	N_w	125	27	48	73	123	135	173	87	200	129	179	117	23	179	99	57	128	97	122	115	181	119	94	34	102	21	2	24	65	6	34	14	78	2	75	4	51	105	152	377	168	54	144	156	72	107	66	212	92	198	ENSG00000061676.14	NCKAP1
chr2:182962279-182964675	N_w	120	21	45	45	92	154	176	84	213	156	199	81	17	179	75	88	150	89	155	79	181	165	109	47	101	23	4	18	86	13	23	18	86	5	71	4	68	83	150	326	152	49	274	137	89	140	60	215	125	172	ENSG00000061676.14	NCKAP1
chr2:182962279-182976892	N_w	0	0	0	0	0	1	0	0	2	0	1	0	0	0	0	0	0	0	1	0	0	1	0	0	1	0	0	0	0	0	0	0	0	0	0	0	0	0	0	0	0	0	0	0	0	1	0	2	0	0	ENSG00000061676.14	NCKAP1
chr2:182964809-182967215	N_w	145	22	48	44	105	184	173	95	242	141	227	71	28	175	88	90	173	86	151	84	181	144	137	34	131	26	2	27	64	9	13	20	64	2	67	8	48	57	136	357	101	38	187	128	81	99	75	223	115	153	ENSG00000061676.14	NCKAP1
chr2:182967362-182976892	N_w	111	17	28	45	81	144	145	59	157	99	192	57	25	152	69	70	74	96	123	99	151	120	61	29	79	16	5	16	55	2	14	14	60	0	55	1	33	54	110	280	116	33	109	128	45	102	41	194	71	154	ENSG00000061676.14	NCKAP1
chr2:182976952-182978833	N_w	98	12	22	24	40	127	179	51	173	105	226	67	20	174	78	59	66	93	89	76	137	125	60	23	65	19	5	15	36	2	14	6	37	0	37	0	23	38	70	220	68	16	74	145	42	70	39	122	33	103	ENSG00000061676.14	NCKAP1
chr2:182978916-182981243	N_w	103	15	25	75	134	134	159	86	192	130	161	78	27	175	69	73	145	72	143	69	208	136	108	32	81	11	4	18	31	3	25	15	50	2	53	4	78	87	135	354	189	42	173	137	64	130	43	189	76	203	ENSG00000061676.14	NCKAP1
chr2:182981377-182982820	N_w	159	9	44	62	99	227	202	97	264	178	239	71	34	219	100	77	212	110	168	83	288	170	128	36	95	16	6	16	68	8	21	12	70	1	77	8	153	97	115	426	227	51	303	166	73	163	60	223	141	273	ENSG00000061676.14	NCKAP1
chr2:182982928-182983285	N_w	59	14	9	35	114	112	114	60	116	109	122	50	14	101	55	69	125	59	95	53	135	103	40	20	62	12	4	11	39	6	5	9	33	0	30	4	80	74	59	225	98	34	72	101	49	94	26	110	28	86	ENSG00000061676.14	NCKAP1
chr2:182983383-182986170	N_w	70	8	7	38	83	99	96	44	111	83	127	38	9	105	56	35	98	63	104	46	112	97	31	11	56	4	5	10	19	5	10	5	21	0	33	1	77	84	60	182	103	15	89	89	44	79	16	83	38	88	ENSG00000061676.14	NCKAP1
chr2:182986228-182989029	N_w	129	8	17	62	101	157	182	74	195	124	184	50	15	170	71	74	167	83	126	58	168	141	48	9	74	4	1	13	37	3	14	7	31	1	46	1	70	69	81	260	125	28	128	151	57	98	19	132	58	134	ENSG00000061676.14	NCKAP1
chr2:182989187-182993222	N_w	0	0	0	0	0	2	0	0	0	0	1	1	0	3	0	0	0	2	0	0	0	0	0	0	0	0	0	0	0	0	0	0	0	0	0	0	0	0	0	1	0	0	0	0	0	0	0	0	0	0	ENSG00000061676.14	NCKAP1
chr2:182989187-182994838	N_w	121	17	16	70	107	183	237	93	225	131	226	56	17	168	72	76	222	84	137	48	264	182	71	24	63	13	2	11	49	10	15	9	44	0	49	4	96	73	121	332	151	31	205	158	86	171	43	192	63	208	ENSG00000061676.14	NCKAP1
chr2:182994888-182995700	N_w	103	20	25	67	111	160	211	66	179	143	194	51	15	173	90	63	179	96	135	51	240	151	68	19	86	10	3	14	35	5	13	9	44	0	50	1	68	117	102	264	147	29	158	156	67	125	52	156	61	189	ENSG00000061676.14	NCKAP1
chr2:182995839-183001952	N_w	55	8	20	55	95	116	142	31	143	82	120	36	15	124	62	48	95	66	88	56	134	110	56	20	89	10	3	8	39	0	5	7	25	1	31	6	88	86	53	153	82	21	105	106	49	72	39	106	36	95	ENSG00000061676.14	NCKAP1
chr2:183002044-183002126	N_w	41	13	30	45	78	81	97	25	108	46	62	26	9	99	42	23	105	61	60	43	92	62	89	33	81	10	1	20	30	4	11	7	23	0	38	6	44	68	43	189	79	22	164	68	18	66	55	88	48	127	ENSG00000061676.14	NCKAP1
chr2:183002044-183002973	N_w	0	0	0	0	0	0	1	0	0	0	0	0	0	1	1	0	1	2	0	1	1	1	0	0	0	0	0	0	0	0	0	0	0	0	0	0	0	0	0	0	0	0	0	1	0	0	0	0	0	0	ENSG00000061676.14	NCKAP1
chr2:183002270-183002973	N_w	42	5	12	11	27	113	135	20	115	25	127	5	8	109	43	48	107	64	80	43	41	94	53	21	46	6	1	4	18	2	2	6	13	1	22	0	19	27	32	103	20	13	106	17	42	58	24	45	19	62	ENSG00000061676.14	NCKAP1
chr2:183003031-183003232	N_w	41	10	2	21	38	80	117	28	81	50	99	23	14	87	50	37	53	50	71	32	56	101	40	14	62	5	0	5	13	0	4	3	10	0	14	5	33	35	22	99	37	7	37	53	26	37	17	47	4	50	ENSG00000061676.14	NCKAP1
chr2:183003320-183023805	N_w	40	2	7	11	14	16	32	10	3	17	17	0	3	12	1	1	8	5	8	18	42	44	15	0	21	5	0	3	1	0	0	0	2	0	1	0	5	9	3	18	8	3	15	10	4	29	2	6	0	6	ENSG00000061676.14	NCKAP1
chr2:183003326-183023805	N_w	38	2	12	27	39	79	66	22	95	83	94	35	18	67	62	35	104	61	54	16	107	59	55	13	33	0	0	6	29	1	9	1	15	1	32	4	43	30	40	202	87	16	78	75	21	55	15	81	36	95	ENSG00000061676.14	NCKAP1
chr2:183023917-183024977	N_w	7	1	0	9	9	9	10	7	25	10	12	8	2	8	0	0	0	2	0	5	14	10	14	4	13	4	0	1	25	2	6	4	20	0	20	0	17	11	30	76	50	15	91	14	3	5	0	76	23	80	ENSG00000061676.14	NCKAP1
chr2:183023917-183037991	N_w	38	0	2	25	40	33	38	5	46	30	51	16	12	38	28	14	99	27	51	17	100	31	18	6	16	1	0	4	0	1	5	1	3	0	7	0	12	5	9	10	9	2	25	42	23	62	8	8	9	8	ENSG00000061676.14	NCKAP1
chr2:183024996-183037991	N_w	9	1	0	10	9	9	9	7	25	12	13	7	2	6	0	0	0	2	0	4	14	9	13	4	13	3	0	1	24	2	8	4	20	0	21	0	17	12	31	77	49	15	84	13	6	7	0	76	22	80	ENSG00000061676.14	NCKAP1
chr17:49210842-49216530	N_w	2	2	0	2	1	0	0	1	1	0	2	0	0	3	2	2	6	4	3	1	0	0	1	2	2	0	1	0	1	1	0	2	3	1	0	0	2	1	1	3	0	0	0	0	0	3	0	1	2	1	ENSG00000108798.8	ABI3
chr17:49216699-49217738	N_w	1	0	2	1	0	0	0	1	1	0	0	1	0	0	3	2	3	1	1	1	2	2	0	0	0	3	0	2	0	0	0	1	0	0	0	0	0	2	2	1	0	0	0	1	0	1	1	0	1	0	ENSG00000108798.8	ABI3
chr17:49217916-49219539	N_w	0	0	1	1	3	0	1	2	0	0	0	0	4	2	5	0	7	6	3	1	0	0	2	0	0	1	1	0	1	8	0	2	2	0	0	0	15	2	1	3	0	0	1	6	1	3	0	2	2	2	ENSG00000108798.8	ABI3
chr17:49219626-49219857	N_w	0	0	1	0	2	0	0	0	0	2	0	0	0	0	3	3	3	4	1	0	0	0	0	1	0	0	1	1	0	6	0	1	1	0	2	2	6	0	0	2	1	1	1	3	0	0	1	4	2	1	ENSG00000108798.8	ABI3
chr17:49219954-49220168	N_w	1	0	0	1	3	0	0	0	0	0	0	0	0	0	0	2	6	2	0	2	0	2	0	1	0	0	1	0	0	10	0	1	2	0	0	0	0	2	0	0	0	0	0	0	0	2	0	0	1	0	ENSG00000108798.8	ABI3
chr17:49220327-49222090	N_w	1	0	0	2	0	0	0	2	1	3	0	1	0	0	2	2	8	4	0	1	4	0	0	1	0	1	1	0	0	5	2	0	3	1	1	2	7	0	0	2	1	1	0	2	0	0	0	1	2	0	ENSG00000108798.8	ABI3
chr17:49222226-49222551	N_w	1	3	2	2	2	0	0	2	1	1	2	0	0	2	2	2	6	5	5	1	4	1	1	1	0	0	1	0	0	7	2	0	1	6	2	5	4	5	2	2	2	2	3	0	0	2	0	1	5	1	ENSG00000108798.8	ABI3
chr12:110435218-110436109	N_w	199	228	187	151	215	165	181	240	281	126	257	285	126	223	99	169	249	129	191	300	193	124	271	158	150	266	194	200	229	545	367	313	561	397	298	1139	350	217	525	375	222	264	356	244	187	151	161	449	777	275	ENSG00000111229.15	ARPC3
chr12:110436195-110436546	N_w	0	0	0	0	1	0	0	0	0	0	0	0	0	0	0	0	1	1	0	0	0	0	1	0	1	0	0	0	0	0	0	0	0	0	0	1	0	1	1	1	0	0	1	0	0	0	0	0	0	0	ENSG00000111229.15	ARPC3
chr12:110436202-110436556	N_w	6	6	7	4	0	2	8	5	7	3	5	9	1	1	1	2	6	3	3	6	4	3	6	11	2	4	8	6	2	5	4	8	10	8	6	34	3	9	13	14	4	7	7	5	5	3	1	10	11	11	ENSG00000111229.15	ARPC3
chr12:110436205-110436546	N_w	0	1	0	0	0	1	0	0	0	0	0	0	0	0	0	0	0	0	0	1	0	0	1	0	0	1	0	0	0	0	0	0	0	0	1	0	0	1	0	2	0	0	0	0	0	0	0	1	1	0	ENSG00000111229.15	ARPC3
chr12:110436205-110436556	N_w	243	263	246	181	243	233	334	348	382	193	458	386	151	349	140	260	359	186	367	349	324	157	415	248	223	318	236	210	345	610	412	404	757	379	381	1246	263	336	797	526	336	347	451	277	278	201	155	796	965	441	ENSG00000111229.15	ARPC3
chr12:110436205-110436664	N_w	0	0	0	0	1	0	1	2	1	1	1	0	1	0	2	3	1	1	0	2	3	2	0	1	1	3	0	0	2	2	3	1	3	5	1	4	0	0	2	8	0	0	0	0	1	1	0	0	7	2	ENSG00000111229.15	ARPC3
chr12:110436205-110437083	N_w	3	0	4	0	0	0	0	0	0	0	2	0	0	4	1	3	17	3	1	0	6	7	0	2	0	0	0	8	0	0	0	0	0	0	1	2	0	0	0	0	0	1	9	0	1	0	12	0	3	0	ENSG00000111229.15	ARPC3
chr12:110436684-110437083	N_w	296	321	268	130	169	239	313	289	411	192	488	349	185	328	154	230	363	232	360	393	282	190	404	258	273	377	246	248	265	404	288	299	499	293	294	833	196	216	529	503	264	265	272	319	274	195	186	513	622	298	ENSG00000111229.15	ARPC3
chr12:110437153-110440311	N_w	162	149	133	62	96	105	134	117	193	84	201	145	70	150	70	102	150	100	178	203	119	105	202	123	129	181	113	136	112	142	101	149	192	87	113	280	97	104	200	209	119	99	97	157	108	89	109	186	227	113	ENSG00000111229.15	ARPC3
chr12:110437153-110445451	N_w	0	1	2	1	0	0	0	2	1	1	1	1	0	0	0	0	1	0	2	1	2	0	1	1	0	1	1	0	1	0	0	0	5	2	0	1	0	0	0	2	0	0	1	0	2	1	0	3	2	0	ENSG00000111229.15	ARPC3
chr12:110440389-110445451	N_w	241	243	188	214	263	138	205	200	300	211	386	311	107	337	158	144	242	129	257	340	266	151	348	213	219	262	171	180	190	172	216	292	417	117	218	470	330	241	520	600	353	245	236	238	206	181	154	558	423	282	ENSG00000111229.15	ARPC3
chr12:110443068-110445451	N_w	0	0	0	0	0	0	0	0	0	0	0	0	1	2	1	2	1	0	0	0	2	1	2	1	0	0	0	0	1	1	3	0	0	0	0	0	0	0	1	1	0	2	0	1	0	0	0	0	1	0	ENSG00000111229.15	ARPC3
chr12:110445552-110450254	N_w	68	33	20	75	126	54	82	63	118	64	172	213	33	110	54	73	131	41	137	57	161	66	62	36	29	53	42	30	90	146	132	142	222	71	109	177	216	100	302	228	164	109	160	98	115	81	25	259	256	174	ENSG00000111229.15	ARPC3
chr6:110100680-110101587	N_w	279	146	81	125	341	358	297	201	1115	335	616	622	87	499	93	99	214	132	231	200	207	226	250	110	180	105	41	84	211	95	129	139	389	46	199	212	327	196	580	624	383	176	334	629	432	132	78	503	390	338	ENSG00000112290.12	WASF1
chr6:110102217-110103377	N_w	163	50	43	99	203	233	217	97	565	179	300	254	36	262	60	66	144	91	121	120	124	130	146	60	125	45	9	40	83	37	37	52	164	10	83	22	158	106	300	304	212	85	206	415	195	81	57	247	163	159	ENSG00000112290.12	WASF1
chr6:110103558-110105406	N_w	174	81	59	112	201	233	156	94	625	220	374	278	42	237	71	60	132	86	168	158	136	132	199	55	206	51	29	50	98	13	30	44	109	9	97	27	149	138	229	261	216	82	117	365	150	53	93	235	89	150	ENSG00000112290.12	WASF1
chr6:110105577-110107076	N_w	18	5	6	4	13	28	18	7	52	24	31	21	0	29	5	8	20	9	24	16	16	12	20	5	26	4	2	2	8	1	2	6	15	0	11	5	26	15	15	41	25	13	18	32	22	7	10	18	20	13	ENSG00000112290.12	WASF1
chr6:110105580-110107076	N_w	197	62	74	88	182	340	211	90	699	222	433	256	55	280	80	66	156	96	184	140	175	150	174	60	169	71	18	50	102	26	21	43	131	3	84	36	105	159	234	443	237	76	187	345	218	96	85	246	160	156	ENSG00000112290.12	WASF1
chr6:110107195-110108523	N_w	0	0	0	0	0	0	0	0	1	0	0	0	0	0	0	1	0	0	2	1	0	0	2	0	1	0	0	0	0	0	0	0	0	0	0	0	0	0	1	0	0	0	0	1	0	0	2	0	0	0	ENSG00000112290.12	WASF1
chr6:110107195-110108527	N_w	125	58	38	48	111	190	124	65	401	109	272	139	31	169	65	29	66	68	104	122	83	83	111	32	145	54	4	19	54	12	16	20	69	2	34	11	54	65	103	192	114	35	101	215	111	34	55	131	70	96	ENSG00000112290.12	WASF1
chr6:110108682-110113325	N_w	200	42	60	55	124	276	207	95	613	210	404	234	25	225	75	66	141	123	186	135	155	182	150	49	154	49	11	27	93	13	28	37	96	3	97	7	61	71	183	334	131	80	235	364	135	73	73	230	161	178	ENSG00000112290.12	WASF1
chr6:110111382-110113325	N_w	0	0	0	0	0	0	0	0	0	1	0	1	4	0	2	0	1	0	0	0	0	1	0	0	1	0	0	0	1	0	2	1	1	0	0	3	0	0	1	0	0	3	0	0	0	1	3	2	1	1	ENSG00000112290.12	WASF1
chr6:110113461-110127468	N_w	238	60	53	45	136	261	209	67	687	156	378	165	49	231	60	82	152	109	195	136	161	168	196	53	143	35	7	38	65	9	20	19	82	5	76	5	73	102	146	318	96	52	120	296	182	91	67	188	100	146	ENSG00000112290.12	WASF1
chr6:110113461-110179438	N_w	0	0	0	0	0	0	0	0	0	0	2	2	0	0	0	0	0	0	0	0	0	0	0	0	0	0	0	0	0	0	0	0	0	0	0	0	0	2	0	0	2	0	0	2	0	0	0	0	0	0	ENSG00000112290.12	WASF1
chr6:110127630-110160634	N_w	4	2	1	8	6	9	7	4	15	12	13	10	0	6	12	6	8	8	15	10	7	8	7	2	7	1	0	0	2	1	0	2	4	0	7	2	12	0	11	11	6	2	8	12	10	2	3	11	6	14	ENSG00000112290.12	WASF1
chr6:110127630-110177146	N_w	0	0	0	0	0	0	0	1	0	0	2	0	1	0	0	0	0	0	1	0	0	1	0	1	1	0	0	0	0	0	0	0	0	0	0	0	0	0	0	0	1	0	1	0	0	2	0	0	0	0	ENSG00000112290.12	WASF1
chr6:110127630-110178597	N_w	10	2	3	5	20	26	19	8	29	7	42	27	3	21	6	6	8	6	15	8	14	11	15	3	14	2	0	0	2	0	2	3	9	0	11	0	5	0	4	24	8	6	11	25	14	6	7	18	2	12	ENSG00000112290.12	WASF1
chr6:110127630-110179438	N_w	98	14	13	32	75	18	28	7	123	76	30	62	25	22	10	11	27	15	17	35	53	31	80	19	75	12	5	14	6	0	5	4	12	0	9	0	3	28	25	23	40	8	19	90	46	21	18	28	14	23	ENSG00000112290.12	WASF1
chr6:110127630-110179466	N_w	0	0	0	2	2	0	0	0	0	2	0	3	0	0	0	0	0	0	0	0	0	0	0	0	2	0	0	0	0	0	0	0	0	0	0	0	0	4	0	0	0	0	0	3	0	0	0	0	0	0	ENSG00000112290.12	WASF1
chr6:110127630-110179840	N_w	2	0	0	2	2	0	0	0	0	2	0	2	0	3	0	0	0	0	0	0	0	0	0	0	0	0	0	0	2	0	0	2	0	0	0	0	0	0	0	3	2	0	0	0	0	0	0	0	0	0	ENSG00000112290.12	WASF1
chr6:110160733-110177146	N_w	0	0	0	0	0	0	0	0	1	0	0	0	0	1	1	0	0	0	0	0	1	1	0	0	0	0	0	0	0	0	0	0	0	0	1	0	0	1	0	0	0	0	0	0	0	0	0	0	4	2	ENSG00000112290.12	WASF1
chr6:110160733-110178597	N_w	2	1	0	0	2	4	3	2	5	2	10	4	0	5	4	2	0	2	7	2	7	4	2	0	3	2	0	0	2	0	1	0	1	0	1	0	0	0	0	3	4	0	0	2	1	0	0	4	0	3	ENSG00000112290.12	WASF1
chr6:110160733-110179438	N_w	3	0	1	1	2	0	4	1	3	5	0	3	4	1	3	4	4	2	3	3	8	6	4	2	4	0	0	3	2	0	0	0	0	0	3	0	0	0	3	3	2	0	0	5	2	0	1	3	2	1	ENSG00000112290.12	WASF1
chr6:110160733-110179840	N_w	0	0	0	1	0	1	0	0	0	0	2	1	0	0	0	0	1	0	1	0	0	0	0	0	1	0	0	0	0	0	0	0	0	0	0	0	0	0	5	1	0	0	2	2	0	0	0	2	1	1	ENSG00000112290.12	WASF1
chr6:110177187-110178597	N_w	0	0	0	0	0	2	1	1	0	0	2	0	0	0	0	0	0	1	1	0	1	2	0	0	1	0	0	0	0	1	0	0	0	0	0	0	0	0	0	1	2	0	0	0	1	1	0	0	1	0	ENSG00000112290.12	WASF1
chr6:110177804-110178597	N_w	0	0	0	0	0	1	1	0	1	4	1	0	0	1	1	1	0	0	0	0	0	1	1	0	0	0	0	0	0	0	0	0	0	0	0	0	0	0	1	1	0	1	3	0	2	1	0	2	1	1	ENSG00000112290.12	WASF1
chr6:110178743-110178960	N_w	0	0	0	0	0	0	0	0	0	0	0	1	0	0	0	0	1	0	0	0	0	0	0	0	0	0	0	0	0	0	0	0	0	0	0	0	0	1	0	1	4	0	1	0	0	0	0	0	0	1	ENSG00000112290.12	WASF1
chr6:110178743-110179438	N_w	9	1	4	9	20	4	5	5	36	10	8	24	2	8	4	3	13	8	3	5	10	10	17	1	11	1	0	1	2	1	3	0	4	0	6	1	13	8	1	4	10	1	6	24	14	12	5	6	2	8	ENSG00000112290.12	WASF1
chr6:110178743-110179466	N_w	3	0	0	0	2	0	0	0	0	1	0	1	0	0	0	0	0	0	0	1	0	0	0	0	0	0	0	0	0	0	0	0	0	0	0	0	0	0	0	0	0	0	0	4	0	1	0	0	0	0	ENSG00000112290.12	WASF1
chr6:110178743-110179840	N_w	2	0	2	5	5	4	2	1	6	4	4	2	3	1	2	1	5	0	8	0	12	4	3	0	0	0	0	0	4	0	0	0	3	0	4	0	4	11	8	8	8	1	5	3	3	1	1	6	2	3	ENSG00000112290.12	WASF1
chr2:113890324-113913171	N_w	84	28	37	82	94	24	67	45	106	56	62	71	18	52	60	41	131	63	65	100	156	94	83	38	78	36	13	27	10	6	7	6	18	1	25	0	12	24	35	36	48	17	23	94	58	83	45	39	15	37	ENSG00000115091.11	ACTR3
chr2:113913228-113916883	N_w	93	34	24	100	135	72	74	61	87	90	107	89	12	98	67	65	132	88	116	112	180	138	88	36	84	43	12	33	23	5	12	11	30	2	19	3	32	30	44	102	65	18	53	117	59	83	54	66	26	46	ENSG00000115091.11	ACTR3
chr2:113913228-113927344	N_w	1	0	0	0	0	0	0	0	2	0	2	0	0	1	0	0	2	0	0	0	2	0	1	0	0	0	0	0	0	0	0	0	0	0	0	0	4	0	0	0	0	0	0	1	0	1	0	1	0	0	ENSG00000115091.11	ACTR3
chr2:113917009-113927344	N_w	155	45	66	105	160	181	168	108	207	149	222	146	15	219	115	106	276	113	181	202	275	195	155	64	168	58	14	43	22	11	17	7	49	4	43	12	69	53	56	155	60	15	128	183	109	132	91	98	85	80	ENSG00000115091.11	ACTR3
chr2:113927456-113929163	N_w	0	0	0	0	0	2	2	0	1	1	2	4	0	1	0	1	2	0	0	3	0	1	3	0	1	2	0	0	0	1	0	0	0	0	1	0	0	0	0	0	0	0	0	1	2	0	1	1	0	1	ENSG00000115091.11	ACTR3
chr2:113927456-113931300	N_w	226	65	100	127	162	198	202	148	261	181	290	145	44	242	135	155	281	178	264	223	298	259	199	92	215	97	26	65	49	36	22	25	60	5	48	14	33	60	86	194	75	38	132	267	108	139	110	121	92	109	ENSG00000115091.11	ACTR3
chr2:113930790-113931300	N_w	0	0	0	0	0	0	0	1	1	1	1	0	0	0	0	0	0	0	0	1	1	2	3	0	0	0	0	1	1	0	0	0	0	0	0	0	0	0	0	0	0	0	0	0	0	0	0	0	1	0	ENSG00000115091.11	ACTR3
chr2:113931397-113934157	N_w	0	0	0	0	0	0	0	0	1	1	2	0	0	2	0	0	2	0	1	1	3	0	1	0	2	0	0	0	0	0	0	0	0	0	0	0	0	0	0	0	0	0	0	0	0	1	0	0	0	0	ENSG00000115091.11	ACTR3
chr2:113931397-113934278	N_w	221	58	76	113	174	224	226	143	280	168	261	183	59	265	132	178	248	151	283	219	371	278	207	93	192	98	24	82	42	25	25	16	60	4	50	17	36	33	85	238	81	21	92	260	170	177	112	141	59	75	ENSG00000115091.11	ACTR3
chr2:113934387-113939958	N_w	146	62	50	93	155	151	156	109	177	165	215	163	19	209	111	82	132	126	134	212	187	227	138	65	154	65	20	51	35	11	26	18	54	1	26	12	46	55	65	79	54	25	79	202	87	94	95	102	43	77	ENSG00000115091.11	ACTR3
chr2:113940103-113942185	N_w	198	93	111	108	188	234	207	181	325	188	282	178	44	297	123	159	333	137	317	260	323	245	293	136	189	119	35	99	57	35	26	23	83	17	63	44	61	52	110	227	112	41	153	237	189	185	124	142	105	99	ENSG00000115091.11	ACTR3
chr2:113942360-113951478	N_w	255	100	132	67	67	231	193	156	331	146	348	133	24	264	125	142	162	154	319	323	229	239	264	150	226	167	47	120	37	17	29	32	64	7	45	32	24	22	67	205	26	40	54	200	151	122	142	85	47	55	ENSG00000115091.11	ACTR3
chr2:113951572-113951719	N_w	137	67	90	99	128	121	135	120	197	115	191	171	46	187	119	88	178	131	164	209	179	194	135	73	141	92	34	77	46	56	35	36	63	17	35	30	10	65	69	155	45	30	119	174	102	89	95	96	86	60	ENSG00000115091.11	ACTR3
chr2:113951846-113955622	N_w	201	142	109	143	249	150	154	179	224	169	283	207	59	223	134	116	166	139	220	305	210	174	208	131	201	152	68	106	47	37	36	42	101	17	55	49	82	64	128	174	83	59	83	231	153	79	143	114	88	82	ENSG00000115091.11	ACTR3
chr2:113955707-113957359	N_w	368	194	193	248	341	308	305	327	540	271	495	375	136	505	204	218	389	220	408	503	498	345	422	260	365	243	110	178	100	99	104	90	210	54	109	151	129	123	282	382	171	114	223	378	271	337	227	262	220	189	ENSG00000115091.11	ACTR3
chr12:54497892-54499354	N_w	1	0	0	1	0	0	0	1	0	2	1	0	0	0	0	1	5	1	1	0	1	0	1	0	0	0	0	0	0	1	1	0	0	0	0	0	20	1	0	3	1	0	0	1	0	0	0	0	1	4	ENSG00000123338.12	NCKAP1L
chr12:54499466-54500532	N_w	1	1	1	0	1	2	0	2	2	0	3	0	0	4	2	3	0	1	0	0	2	0	2	0	0	0	0	0	0	2	0	1	0	0	0	0	0	0	0	1	0	1	3	2	0	4	0	6	1	4	ENSG00000123338.12	NCKAP1L
chr12:54500626-54507852	N_w	3	0	0	1	0	2	1	2	0	0	3	1	0	1	0	0	5	2	2	0	4	0	0	0	1	0	0	0	0	0	0	0	1	0	1	0	0	0	0	5	2	0	2	2	0	1	0	0	0	2	ENSG00000123338.12	NCKAP1L
chr12:54507910-54508388	N_w	0	1	0	1	0	3	2	1	2	1	1	0	2	0	0	1	3	0	0	0	2	0	1	1	1	0	0	0	0	1	2	0	1	0	0	0	0	0	0	3	0	0	3	2	0	2	0	0	1	2	ENSG00000123338.12	NCKAP1L
chr12:54508532-54509668	N_w	1	0	0	1	0	0	0	3	0	0	1	0	2	2	0	2	4	3	2	1	0	0	0	0	0	0	0	0	0	0	0	0	0	1	0	0	0	0	0	3	0	1	2	0	0	0	1	0	0	1	ENSG00000123338.12	NCKAP1L
chr12:54509760-54509847	N_w	0	0	0	0	1	2	1	0	0	0	0	0	0	0	1	1	1	3	1	0	1	1	0	0	0	1	0	0	0	0	1	1	0	0	1	0	0	0	1	1	0	0	0	1	0	3	0	0	1	2	ENSG00000123338.12	NCKAP1L
chr12:54509986-54511802	N_w	0	0	2	0	0	1	1	1	1	2	2	0	0	1	2	0	2	1	1	0	0	0	0	1	0	0	0	0	0	0	0	0	0	0	0	0	0	0	0	1	0	0	0	0	0	0	0	1	2	1	ENSG00000123338.12	NCKAP1L
chr12:54511852-54511948	N_w	3	0	0	0	3	1	1	2	1	0	1	1	0	0	3	3	2	1	2	0	2	0	0	1	0	0	0	0	0	0	0	0	0	0	1	0	3	0	0	1	0	0	3	0	0	1	0	1	3	1	ENSG00000123338.12	NCKAP1L
chr12:54512106-54516238	N_w	1	0	0	3	5	2	2	1	2	0	0	1	1	0	0	3	4	2	3	0	4	0	3	0	1	1	0	0	0	0	0	0	0	0	1	0	6	1	0	5	0	0	4	2	0	3	0	2	0	1	ENSG00000123338.12	NCKAP1L
chr12:54516296-54516895	N_w	1	0	0	0	0	0	0	0	1	1	0	1	0	1	0	1	2	2	0	0	1	0	2	0	1	0	0	0	0	0	0	0	0	0	0	0	0	0	1	3	0	0	1	0	0	2	0	2	2	2	ENSG00000123338.12	NCKAP1L
chr12:54516993-54517532	N_w	0	0	0	0	0	1	5	3	2	0	2	1	0	1	0	1	2	1	2	1	0	0	0	1	1	0	0	0	0	0	0	0	0	0	1	0	0	0	0	3	0	0	2	2	0	3	1	0	0	1	ENSG00000123338.12	NCKAP1L
chr12:54517643-54517805	N_w	1	0	0	1	4	1	0	6	0	2	1	0	0	2	0	2	4	0	6	1	2	0	1	0	2	0	0	0	0	1	1	1	1	0	0	0	0	0	0	4	2	0	2	1	0	2	0	1	4	2	ENSG00000123338.12	NCKAP1L
chr12:54517939-54518650	N_w	1	2	0	1	1	5	1	5	0	0	1	0	0	5	2	0	3	4	2	2	3	0	1	0	0	1	0	0	0	0	0	0	1	0	1	0	0	0	0	2	2	0	0	0	0	1	0	3	0	1	ENSG00000123338.12	NCKAP1L
chr12:54518733-54518913	N_w	1	0	0	3	1	0	1	2	0	0	0	2	0	0	0	1	0	5	2	1	4	0	0	1	0	0	0	1	1	1	1	0	3	0	2	0	0	5	0	4	0	0	0	1	0	6	0	0	2	0	ENSG00000123338.12	NCKAP1L
chr12:54518973-54519186	N_w	2	1	1	3	2	1	0	3	1	0	1	2	0	0	0	1	2	0	2	1	2	1	1	1	0	0	0	0	0	1	0	1	3	0	2	1	9	0	1	5	0	2	0	0	0	3	1	0	1	1	ENSG00000123338.12	NCKAP1L
chr12:54519333-54520693	N_w	0	0	0	0	2	0	0	4	0	0	0	0	0	0	0	0	1	0	1	0	2	0	0	0	0	0	1	0	0	0	0	1	2	0	0	2	7	2	2	4	0	1	2	3	0	1	0	0	3	1	ENSG00000123338.12	NCKAP1L
chr12:54520827-54521118	N_w	2	0	0	0	1	2	1	4	2	2	1	2	0	1	0	2	3	5	0	1	1	0	0	0	0	0	0	0	0	2	1	0	2	1	1	0	0	6	1	6	0	1	2	2	0	2	0	9	3	0	ENSG00000123338.12	NCKAP1L
chr12:54521239-54523393	N_w	2	1	0	1	1	2	2	4	2	5	3	0	0	2	2	5	2	3	2	3	6	1	3	1	0	0	0	0	0	3	0	1	0	0	3	0	9	0	0	6	0	2	3	1	0	1	0	4	2	6	ENSG00000123338.12	NCKAP1L
chr12:54523540-54523824	N_w	2	0	1	0	0	0	0	2	1	1	1	1	0	2	0	2	0	3	4	1	4	0	1	0	0	0	1	1	1	7	0	2	1	0	5	1	0	4	1	8	3	1	0	2	0	3	2	2	3	2	ENSG00000123338.12	NCKAP1L
chr12:54523957-54526527	N_w	0	1	1	0	2	0	0	1	0	0	0	0	0	2	0	0	3	1	1	3	2	0	0	0	0	0	0	1	0	1	0	1	0	2	2	1	11	2	1	4	2	0	4	0	0	2	0	0	0	2	ENSG00000123338.12	NCKAP1L
chr12:54526747-54528246	N_w	0	2	0	2	0	0	0	3	1	0	2	3	0	2	0	1	2	3	4	0	3	0	1	1	1	0	0	1	0	5	0	0	3	0	0	1	6	7	3	3	0	1	3	1	0	2	0	2	3	3	ENSG00000123338.12	NCKAP1L
chr12:54528378-54531259	N_w	1	0	1	0	1	2	1	1	2	0	0	2	3	0	2	1	1	3	0	0	3	1	0	0	1	0	0	1	0	7	0	2	2	0	1	0	0	1	0	7	2	2	1	2	1	1	2	0	1	3	ENSG00000123338.12	NCKAP1L
chr12:54531358-54531490	N_w	0	2	5	4	3	1	1	3	4	1	2	1	0	3	0	6	0	2	1	2	1	0	3	1	0	1	0	1	0	5	1	0	3	4	4	0	0	3	3	6	0	1	5	6	0	2	0	2	3	2	ENSG00000123338.12	NCKAP1L
chr12:54531585-54531742	N_w	2	1	0	1	4	1	0	4	1	0	2	2	0	2	4	2	0	1	4	1	2	0	5	1	1	1	0	1	0	7	1	1	0	2	2	3	17	6	3	11	2	3	2	3	0	1	1	2	3	2	ENSG00000123338.12	NCKAP1L
chr12:54531826-54532169	N_w	1	4	0	0	1	2	0	0	0	0	0	3	2	0	1	0	2	2	0	2	2	0	2	0	1	0	0	1	0	2	1	1	0	1	2	3	13	9	1	4	3	2	3	2	1	0	1	1	1	3	ENSG00000123338.12	NCKAP1L
chr12:54532251-54535103	N_w	4	1	1	1	1	0	1	3	0	1	2	0	0	1	1	2	1	4	1	1	0	1	0	0	0	1	1	0	0	1	2	0	0	2	0	4	0	1	0	2	0	2	2	0	0	1	0	0	2	1	ENSG00000123338.12	NCKAP1L
chr12:54535198-54536128	N_w	1	2	0	1	1	0	0	3	0	1	2	1	1	1	0	5	2	2	3	1	2	1	2	1	1	0	0	0	0	8	3	3	0	2	3	2	12	9	4	3	1	4	5	2	0	1	0	6	7	4	ENSG00000123338.12	NCKAP1L
chr12:54536246-54536943	N_w	0	2	0	2	0	1	2	1	0	1	3	0	2	1	0	1	3	0	1	1	3	0	1	1	0	1	1	3	1	19	4	6	2	7	2	4	0	5	3	10	2	5	5	1	0	3	2	6	5	3	ENSG00000123338.12	NCKAP1L
chr12:54537054-54538883	N_w	0	1	0	0	1	2	0	4	0	1	1	1	0	0	0	1	1	0	3	0	0	0	0	0	0	0	1	0	0	4	0	1	1	4	1	2	0	4	0	3	2	3	3	3	0	1	1	2	2	2	ENSG00000123338.12	NCKAP1L
chr12:54538974-54542574	N_w	1	4	1	2	4	4	3	3	1	1	1	2	5	2	3	2	2	2	1	3	0	0	5	1	1	0	1	0	0	18	4	2	6	7	2	16	8	3	2	8	1	4	4	1	1	3	0	4	7	2	ENSG00000123338.12	NCKAP1L
chr7:99374782-99385701	N_w	2	1	0	3	3	0	0	0	3	0	0	3	2	0	4	4	14	3	5	1	6	1	0	0	0	3	0	0	0	5	1	1	1	2	2	0	14	7	2	7	3	1	3	1	1	2	0	1	2	0	ENSG00000130429.12	ARPC1B
chr7:99377440-99385701	N_w	0	0	1	1	0	0	0	0	2	0	0	0	0	0	0	1	0	0	0	0	0	0	0	0	1	0	0	0	0	0	1	2	0	0	0	0	0	0	0	0	0	0	0	0	0	0	0	2	0	0	ENSG00000130429.12	ARPC1B
chr7:99377456-99385701	N_w	0	0	0	1	0	1	1	2	0	1	0	0	0	0	1	0	2	0	0	0	0	0	1	1	2	0	0	1	2	2	0	2	0	0	0	1	0	0	0	1	2	2	0	0	0	0	1	0	3	0	ENSG00000130429.12	ARPC1B
chr7:99385779-99386684	N_w	6	2	2	10	13	5	2	19	8	6	12	10	13	3	21	28	46	18	20	11	20	3	10	5	1	3	7	6	0	21	6	8	8	6	12	9	24	20	15	7	24	12	10	6	12	11	1	7	23	7	ENSG00000130429.12	ARPC1B
chr7:99386790-99388038	N_w	11	7	6	14	14	5	9	15	3	4	9	6	9	16	18	16	59	16	28	13	18	5	8	10	6	5	5	5	4	29	9	11	20	11	9	8	30	10	20	16	19	11	18	14	9	15	5	28	16	13	ENSG00000130429.12	ARPC1B
chr7:99388262-99389904	N_w	9	12	12	15	16	7	8	20	8	8	10	9	12	13	20	18	43	17	21	11	18	8	9	6	4	8	9	13	6	33	10	22	24	9	12	13	36	21	20	15	19	17	17	8	5	14	7	16	24	10	ENSG00000130429.12	ARPC1B
chr7:99390013-99390892	N_w	8	11	5	5	10	1	4	7	6	7	13	7	6	14	24	18	26	19	15	3	7	3	5	5	4	4	6	3	1	13	5	11	9	6	5	12	2	29	11	13	13	15	8	8	1	5	0	13	5	8	ENSG00000130429.12	ARPC1B
chr7:99391100-99391177	N_w	14	12	16	12	15	1	10	11	7	14	9	17	13	11	40	30	36	24	31	17	27	2	17	14	3	8	13	12	3	55	19	35	32	20	21	32	15	18	28	18	30	17	18	8	6	11	5	26	17	9	ENSG00000130429.12	ARPC1B
chr7:99391254-99392670	N_w	7	8	14	9	14	2	4	6	4	10	10	11	10	8	30	17	28	23	12	14	17	8	11	9	3	9	16	12	1	22	13	18	12	14	15	9	25	30	9	15	19	6	7	10	4	5	4	13	6	7	ENSG00000130429.12	ARPC1B
chr7:99392877-99394028	N_w	13	11	6	12	10	2	3	9	6	8	2	11	11	3	24	26	46	16	10	10	25	2	9	7	1	5	14	13	1	43	29	22	15	7	9	19	24	18	13	9	18	4	6	9	6	7	6	10	10	8	ENSG00000130429.12	ARPC1B
chr7:99394120-99394450	N_w	10	8	9	13	8	2	2	12	9	7	18	13	12	11	28	26	29	12	13	7	10	1	18	10	3	11	16	17	2	39	26	19	25	10	10	35	4	22	21	21	18	12	20	2	4	4	10	27	14	9	ENSG00000130429.12	ARPC1B
chr13:26557820-26612960	N_w	6	0	0	9	7	0	3	0	2	0	0	0	0	0	7	0	49	13	8	12	20	16	3	0	3	0	0	0	0	0	2	0	2	0	4	0	4	9	5	6	14	0	18	3	0	9	2	5	8	5	ENSG00000132970.12	WASF3
chr13:26613059-26642260	N_w	18	1	3	10	27	33	12	13	13	10	6	9	1	6	20	21	101	19	39	11	25	38	13	6	12	8	0	5	11	3	3	2	13	0	13	0	21	22	13	52	36	9	67	14	1	8	8	26	27	22	ENSG00000132970.12	WASF3
chr13:26642404-26665027	N_w	60	4	8	31	40	80	57	25	34	16	45	13	2	21	80	46	161	127	121	32	74	115	36	3	40	4	2	9	5	1	0	6	11	0	9	0	22	48	36	105	62	13	71	54	9	17	12	46	22	46	ENSG00000132970.12	WASF3
chr13:26665163-26667516	N_w	45	4	15	28	56	82	44	31	25	17	33	13	0	18	86	54	115	86	90	37	87	78	33	13	34	11	2	10	11	0	5	4	14	2	18	1	4	33	39	108	71	8	76	59	11	17	19	37	30	54	ENSG00000132970.12	WASF3
chr13:26667671-26671871	N_w	34	3	7	15	30	60	18	14	24	8	17	5	3	14	56	33	76	42	71	18	64	47	18	3	22	2	0	3	5	2	2	0	10	0	12	1	18	27	18	76	34	5	63	28	12	11	10	27	23	25	ENSG00000132970.12	WASF3
chr13:26671990-26676548	N_w	49	9	16	20	68	109	64	38	39	21	44	11	4	25	108	100	229	91	136	61	103	79	54	26	42	14	2	7	25	2	5	10	26	2	15	2	24	44	38	127	52	15	110	46	26	22	20	70	46	71	ENSG00000132970.12	WASF3
chr13:26671990-26680034	N_w	1	0	0	0	1	2	1	1	0	1	2	2	0	1	2	2	8	1	3	1	4	0	2	0	0	0	0	0	6	1	3	3	3	1	6	1	1	16	18	55	45	4	45	0	0	0	0	11	37	6	ENSG00000132970.12	WASF3
chr13:26671990-26681053	N_w	2	0	0	0	1	0	0	0	0	0	0	0	0	0	1	1	6	1	4	1	0	1	2	0	0	0	0	0	0	0	0	0	0	0	1	0	0	0	0	0	1	1	0	0	0	0	0	0	0	1	ENSG00000132970.12	WASF3
chr13:26676725-26680034	N_w	0	0	0	1	1	0	0	0	0	0	0	0	0	0	2	2	2	0	0	0	0	0	0	0	0	0	0	0	0	3	0	0	0	0	0	0	0	0	0	0	1	0	2	0	0	1	0	0	1	0	ENSG00000132970.12	WASF3
chr13:26676725-26681053	N_w	46	6	11	43	102	79	46	52	36	18	34	16	2	35	59	69	177	76	104	39	85	72	41	15	43	6	0	10	20	5	4	7	21	0	26	1	37	35	56	142	68	7	74	56	17	21	28	73	30	65	ENSG00000132970.12	WASF3
chr13:26680202-26681053	N_w	4	0	0	1	1	0	0	4	0	0	3	1	1	3	0	2	6	0	7	0	1	1	0	1	4	0	0	0	2	2	1	2	5	0	4	0	3	23	22	28	36	7	45	1	0	1	2	11	27	13	ENSG00000132970.12	WASF3
chr13:26681321-26682606	N_w	21	5	7	28	62	13	21	17	25	9	7	7	0	5	50	24	103	45	28	36	70	42	13	11	29	6	0	2	5	2	5	0	8	1	16	1	6	39	23	33	94	5	40	30	14	19	4	27	32	18	ENSG00000132970.12	WASF3
chr13:26682975-26685687	N_w	15	3	7	25	48	29	28	22	24	16	18	6	2	21	50	44	112	43	71	17	64	38	24	5	15	7	2	5	24	2	2	2	21	2	31	2	17	26	54	75	60	11	135	27	8	30	5	44	56	61	ENSG00000132970.12	WASF3
chr7:152759927-152783186	N_w	11	1	0	16	13	0	3	0	15	16	8	30	2	3	3	2	15	2	8	8	21	2	4	2	8	3	3	4	4	5	11	2	13	0	21	4	26	14	13	5	34	4	7	27	19	8	1	18	9	10	ENSG00000133627.17	ACTR3B
chr7:152759927-152800530	N_w	9	4	0	9	4	0	3	0	3	7	1	10	0	0	3	0	8	2	7	8	11	0	5	5	2	1	1	1	3	0	2	0	0	0	4	0	8	2	3	4	7	2	2	9	6	4	4	3	2	5	ENSG00000133627.17	ACTR3B
chr7:152783243-152800530	N_w	14	2	2	18	18	2	7	3	26	22	25	33	4	17	7	5	15	6	20	14	25	5	9	6	4	3	2	12	15	3	4	1	16	1	19	7	26	25	25	38	25	6	8	46	17	11	12	46	11	18	ENSG00000133627.17	ACTR3B
chr7:152783243-152801620	N_w	0	0	0	1	2	1	0	2	1	0	1	1	1	0	0	0	1	0	1	1	2	0	0	0	1	1	0	0	2	0	1	1	4	0	3	1	10	2	2	4	6	1	1	7	2	0	0	2	3	1	ENSG00000133627.17	ACTR3B
chr7:152800656-152801620	N_w	41	27	14	43	39	35	84	46	178	65	141	93	15	82	36	48	60	30	98	73	75	27	43	24	32	14	3	34	65	20	38	29	72	7	88	22	125	78	149	118	74	48	88	152	66	38	38	186	79	95	ENSG00000133627.17	ACTR3B
chr7:152801732-152811696	N_w	0	2	0	3	0	0	1	1	1	1	2	0	0	3	0	0	2	1	1	2	1	0	1	0	0	0	0	0	0	2	0	0	0	0	1	1	0	0	2	3	3	0	6	0	0	6	1	1	6	0	ENSG00000133627.17	ACTR3B
chr7:152801732-152814549	N_w	51	30	18	48	44	58	112	35	252	104	202	101	19	141	36	37	87	39	112	111	113	30	55	50	41	21	10	59	83	22	43	27	120	4	111	36	134	130	185	157	120	68	142	159	107	47	51	228	143	155	ENSG00000133627.17	ACTR3B
chr7:152801732-152814553	N_w	0	2	0	1	0	2	1	0	0	0	3	0	0	0	0	0	0	0	0	0	0	0	0	0	0	0	0	0	0	0	0	0	0	0	0	0	0	0	1	0	0	0	0	0	0	1	0	0	0	0	ENSG00000133627.17	ACTR3B
chr7:152811734-152814549	N_w	0	2	0	1	0	0	1	1	1	5	3	0	0	3	2	0	3	2	2	1	1	0	0	0	0	0	0	4	0	2	0	1	1	0	0	2	1	0	2	3	0	0	6	0	0	6	2	2	5	0	ENSG00000133627.17	ACTR3B
chr7:152814646-152816480	N_w	42	22	19	46	33	38	88	45	170	72	172	97	29	129	36	30	50	25	84	60	100	28	25	33	32	11	6	30	54	21	40	24	71	12	89	36	152	100	126	153	88	36	80	126	84	49	52	171	102	87	ENSG00000133627.17	ACTR3B
chr7:152814646-152820298	N_w	1	0	0	0	0	1	0	1	6	1	2	0	0	1	0	1	2	0	0	0	1	0	0	1	1	0	0	1	0	0	2	0	1	0	0	0	0	0	1	2	1	2	0	0	1	1	0	1	1	1	ENSG00000133627.17	ACTR3B
chr7:152814655-152816480	N_w	0	0	0	0	0	0	0	0	0	0	0	2	0	0	1	0	0	0	0	0	0	0	0	0	0	0	0	0	0	0	0	0	0	0	0	0	9	0	0	0	0	0	0	0	0	0	0	0	0	0	ENSG00000133627.17	ACTR3B
chr7:152816589-152820298	N_w	43	37	20	57	50	43	57	36	160	68	143	90	14	103	22	29	22	31	75	70	64	29	33	28	38	21	14	38	34	6	25	22	65	4	50	16	142	111	102	127	100	43	30	112	71	38	24	124	37	47	ENSG00000133627.17	ACTR3B
chr7:152816589-152820302	N_w	1	1	0	0	0	0	2	0	2	0	2	1	3	0	1	1	2	1	2	4	1	0	2	0	0	0	0	2	1	2	1	0	2	0	0	0	0	0	1	0	0	0	0	2	0	0	1	0	0	0	ENSG00000133627.17	ACTR3B
chr7:152820348-152823341	N_w	2	3	1	0	1	2	4	2	6	1	4	2	3	2	0	1	3	0	4	1	4	2	5	0	1	0	0	4	1	2	1	1	5	2	0	3	6	0	5	5	7	0	5	3	1	5	0	3	6	2	ENSG00000133627.17	ACTR3B
chr7:152820443-152823341	N_w	49	33	20	58	42	47	63	37	190	72	181	115	33	115	21	33	76	32	83	63	105	28	45	42	33	16	7	47	80	33	59	24	139	13	72	58	166	134	143	184	126	71	92	125	99	68	34	177	98	100	ENSG00000133627.17	ACTR3B
chr7:152823516-152825029	N_w	59	52	16	72	42	34	81	37	203	93	198	128	21	109	31	36	57	33	72	104	79	26	56	52	36	9	17	46	61	27	58	43	103	14	102	66	181	131	152	157	108	73	54	157	101	38	41	174	103	82	ENSG00000133627.17	ACTR3B
chr7:152825123-152842483	N_w	5	1	2	3	3	0	4	3	6	6	7	3	0	7	5	9	2	1	9	9	5	4	2	1	4	1	0	1	0	1	0	0	0	0	0	2	0	0	1	0	0	0	1	6	1	2	4	0	2	0	ENSG00000133627.17	ACTR3B
chr7:152825123-152852125	N_w	57	44	27	64	51	47	94	41	227	69	196	123	12	115	26	33	38	43	75	107	90	9	47	39	41	40	17	53	72	24	37	32	110	17	85	86	231	145	171	160	175	74	70	154	126	50	45	183	108	85	ENSG00000133627.17	ACTR3B
chr7:152825123-152853493	N_w	0	0	0	0	0	0	0	0	1	1	0	0	0	1	0	0	0	0	0	0	0	0	0	2	0	0	0	0	0	0	0	0	0	0	0	1	0	0	0	0	1	0	0	2	0	0	0	1	0	0	ENSG00000133627.17	ACTR3B
chr7:152825123-152854457	N_w	4	2	2	1	1	1	2	0	8	4	7	5	0	3	2	2	1	2	1	6	0	0	0	3	0	1	1	2	0	0	0	0	0	0	0	0	0	0	1	3	3	0	1	1	3	1	1	0	1	0	ENSG00000133627.17	ACTR3B
chr7:152852252-152853493	N_w	24	46	15	47	46	12	64	20	158	56	158	114	21	87	22	22	23	29	38	64	44	11	31	15	30	14	12	47	36	13	48	42	87	10	75	64	69	93	104	62	93	58	24	106	72	34	23	113	33	43	ENSG00000133627.17	ACTR3B
chr7:152853578-152854457	N_w	32	46	25	101	68	14	61	32	207	68	130	132	29	78	28	25	30	30	54	95	87	15	44	36	29	17	15	52	27	21	59	60	100	11	88	98	275	117	157	87	211	42	35	121	78	51	30	161	61	52	ENSG00000133627.17	ACTR3B
chr6:138424817-138425566	N_w	0	0	0	0	0	0	0	0	1	1	0	0	0	0	0	0	5	0	0	3	1	0	0	3	0	0	1	0	0	0	0	0	0	0	0	0	0	0	0	0	0	0	0	2	0	0	1	0	0	0	ENSG00000135540.11	NHSL1
chr6:138424817-138429710	N_w	11	5	9	6	22	14	35	7	66	49	48	63	3	71	10	12	24	7	20	15	33	21	14	4	5	8	4	7	0	1	0	0	2	0	2	1	0	2	8	9	4	0	24	43	74	33	11	2	12	2	ENSG00000135540.11	NHSL1
chr6:138429844-138430392	N_w	7	4	3	12	12	11	14	3	44	24	42	41	12	52	11	3	15	10	20	14	18	13	7	7	5	5	4	5	1	0	0	1	0	0	0	0	0	5	6	5	4	0	4	22	45	17	7	0	2	0	ENSG00000135540.11	NHSL1
chr6:138433681-138441982	N_w	1	0	2	7	8	13	14	0	18	22	19	3	8	31	12	2	23	10	23	7	39	13	2	4	1	0	0	2	0	0	0	0	0	0	0	0	0	0	1	0	0	0	0	16	9	10	5	0	0	0	ENSG00000135540.11	NHSL1
chr6:138433681-138447000	N_w	3	0	1	0	3	2	2	4	0	1	5	0	0	7	3	1	3	0	3	2	11	7	4	1	3	0	0	0	0	0	0	0	0	0	1	0	0	0	3	2	1	0	7	0	0	4	1	1	1	1	ENSG00000135540.11	NHSL1
chr6:138442115-138447000	N_w	7	3	2	3	7	15	10	2	22	17	14	0	0	16	15	2	23	11	11	8	32	13	8	0	1	1	0	0	0	0	0	0	0	0	0	0	0	0	0	0	0	0	0	5	5	8	1	0	0	0	ENSG00000135540.11	NHSL1
chr6:138447194-138473305	N_w	6	0	2	4	9	12	16	3	13	16	11	1	3	27	11	6	21	11	15	10	29	4	4	2	7	2	0	0	0	0	0	0	0	0	2	0	0	3	0	0	0	0	7	16	8	13	2	2	1	2	ENSG00000135540.11	NHSL1
chr6:138473434-138496218	N_w	10	3	4	5	5	20	13	5	24	18	25	6	0	36	20	7	32	19	24	9	63	19	5	4	7	2	1	2	0	0	0	0	0	0	0	0	0	3	0	5	2	0	9	18	6	39	6	3	2	1	ENSG00000135540.11	NHSL1
chr6:138496372-138499232	N_w	0	0	0	0	0	0	0	0	0	0	0	0	0	0	2	0	1	0	3	0	4	0	1	0	0	0	0	0	0	0	0	0	0	0	0	0	0	0	0	0	0	0	0	2	0	0	0	0	0	0	ENSG00000135540.11	NHSL1
chr6:138496372-138571709	N_w	2	0	2	3	4	11	15	2	14	15	13	0	0	17	8	4	8	6	10	3	19	11	4	3	3	0	2	0	0	0	0	0	0	0	0	0	0	0	0	0	0	0	0	10	10	16	0	0	0	0	ENSG00000135540.11	NHSL1
chr6:138572062-138572385	N_w	1	1	0	6	0	0	2	1	2	4	2	1	6	4	1	1	1	0	4	4	3	4	0	2	6	2	1	3	0	0	0	0	0	0	0	0	0	0	0	0	0	0	0	2	10	12	0	0	0	0	ENSG00000135540.11	NHSL1
chr6:138572062-138572441	N_w	2	2	1	3	0	1	1	0	4	1	2	0	2	5	1	0	1	1	3	5	4	2	0	2	1	0	0	1	0	0	0	0	0	0	0	0	0	0	1	0	0	0	0	5	3	2	0	0	0	0	ENSG00000135540.11	NHSL1
chr6:138572062-138572475	N_w	0	0	0	0	1	2	2	0	0	1	1	0	0	2	0	2	2	2	0	1	2	1	0	2	0	1	1	1	0	0	1	0	0	0	0	0	0	0	0	0	0	0	1	1	0	5	1	0	0	0	ENSG00000135540.11	NHSL1
chr10:26748746-26751597	N_w	53	22	27	27	37	32	56	45	48	21	94	25	11	77	33	31	51	26	55	61	38	36	82	47	71	32	15	27	25	15	28	22	53	5	50	17	102	62	80	117	80	22	93	44	33	49	40	77	82	49	ENSG00000136754.16	ABI1
chr10:26751784-26752166	N_w	0	0	1	1	0	0	0	0	0	1	0	0	0	0	0	0	0	0	3	1	0	1	0	0	1	0	0	0	0	0	0	0	0	0	0	0	0	0	0	1	0	0	1	0	0	0	0	0	0	0	ENSG00000136754.16	ABI1
chr10:26751784-26755654	N_w	15	6	5	16	13	6	25	37	7	18	16	8	13	20	49	46	101	35	47	40	41	37	48	9	29	14	5	3	28	17	18	21	61	2	20	10	61	41	90	98	65	34	134	16	10	26	13	62	152	79	ENSG00000136754.16	ABI1
chr10:26751784-26759061	N_w	48	18	14	32	48	33	44	61	71	34	68	56	9	73	4	4	12	3	9	39	31	22	40	31	36	16	8	18	34	32	10	11	38	8	24	15	37	26	64	74	33	21	45	75	29	54	19	69	51	42	ENSG00000136754.16	ABI1
chr10:26751784-26763879	N_w	1	0	1	0	1	0	2	4	0	0	1	0	0	3	0	0	0	0	0	0	0	0	2	0	1	0	0	0	0	0	0	1	1	0	0	1	21	7	3	7	4	0	8	0	0	5	1	2	14	1	ENSG00000136754.16	ABI1
chr10:26751784-26765217	N_w	1	0	0	0	0	0	0	3	3	3	1	8	0	2	0	0	1	0	0	0	0	0	0	0	4	0	0	0	5	3	7	1	6	0	5	1	8	10	9	19	13	1	12	1	0	1	1	10	14	13	ENSG00000136754.16	ABI1
chr10:26755742-26759061	N_w	14	7	3	21	14	6	20	28	6	21	13	7	1	17	36	44	79	36	48	32	37	47	35	7	27	12	0	3	15	4	6	5	25	0	11	7	46	16	35	27	19	5	55	14	3	23	9	32	66	25	ENSG00000136754.16	ABI1
chr10:26755742-26765217	N_w	0	0	0	0	2	0	1	7	0	1	1	3	0	0	0	0	0	0	2	1	0	0	7	0	1	1	1	0	5	1	5	4	15	0	5	2	14	4	25	35	25	12	20	1	0	1	0	28	32	40	ENSG00000136754.16	ABI1
chr10:26759236-26763879	N_w	0	0	0	0	2	0	0	3	0	0	2	0	0	2	0	0	1	0	0	1	0	0	1	0	0	0	1	0	3	6	0	0	3	1	0	0	0	0	4	13	1	0	12	0	0	2	0	0	12	1	ENSG00000136754.16	ABI1
chr10:26759236-26765217	N_w	17	5	4	16	17	16	19	26	18	13	25	16	0	25	11	26	33	9	18	15	21	24	20	5	15	7	3	4	7	4	2	4	17	0	15	7	23	17	29	26	11	9	14	35	12	23	10	16	17	15	ENSG00000136754.16	ABI1
chr10:26759239-26763879	N_w	1	0	0	0	0	0	1	1	0	2	3	0	0	8	0	0	0	0	0	0	1	0	1	1	0	0	1	0	2	4	0	1	2	0	1	0	4	0	10	13	4	0	21	0	0	4	0	3	27	0	ENSG00000136754.16	ABI1
chr10:26759239-26765217	N_w	52	14	9	31	49	39	60	46	57	30	77	38	5	82	45	27	82	28	37	32	46	36	53	22	32	13	2	13	31	12	6	11	37	1	20	13	51	45	65	54	29	18	49	55	30	58	10	71	56	44	ENSG00000136754.16	ABI1
chr10:26763961-26765217	N_w	0	0	1	2	1	0	3	6	0	1	4	0	1	7	0	0	0	0	0	1	1	0	3	0	0	0	1	0	6	6	1	1	11	1	4	1	0	8	20	17	11	3	38	0	0	5	1	6	31	8	ENSG00000136754.16	ABI1
chr10:26764640-26765217	N_w	1	0	0	0	0	1	0	2	0	0	1	0	0	0	0	0	0	0	0	0	0	0	3	0	0	0	0	0	0	0	0	0	0	0	0	0	0	3	0	1	0	1	1	0	0	1	0	0	1	0	ENSG00000136754.16	ABI1
chr10:26765319-26768851	N_w	54	18	17	35	69	37	52	74	59	41	71	60	10	84	34	40	63	24	72	52	64	52	46	18	44	20	7	18	41	16	20	21	60	3	36	11	71	69	91	143	77	32	104	59	21	58	15	93	98	83	ENSG00000136754.16	ABI1
chr10:26768993-26770244	N_w	56	18	14	32	45	45	56	64	49	39	69	41	16	67	35	32	65	39	59	51	57	42	82	12	56	14	2	19	34	8	13	13	42	0	30	6	39	87	87	136	86	25	86	45	38	56	26	82	84	63	ENSG00000136754.16	ABI1
chr10:26770346-26771074	N_w	7	3	3	7	6	3	16	18	4	7	14	5	12	19	2	2	2	1	1	3	2	8	5	2	4	4	0	3	6	3	3	0	6	1	3	1	18	16	13	17	12	8	14	12	3	13	7	14	11	16	ENSG00000136754.16	ABI1
chr10:26770346-26777064	N_w	2	2	2	4	0	1	0	0	1	2	1	1	0	1	25	34	42	11	35	2	4	5	0	1	0	1	1	0	0	0	0	0	0	0	0	0	0	0	1	1	0	1	1	0	0	4	3	1	0	0	ENSG00000136754.16	ABI1
chr10:26771090-26777064	N_w	9	0	0	5	3	4	10	10	3	1	2	1	3	5	3	0	1	0	0	0	4	5	3	0	1	1	0	2	4	1	0	0	1	0	0	1	0	2	1	9	5	4	5	6	3	2	4	5	4	7	ENSG00000136754.16	ABI1
chr10:26777242-26823137	N_w	44	11	13	25	36	29	51	39	43	29	48	36	6	70	46	26	57	43	55	36	58	54	45	11	50	9	3	12	21	8	11	11	28	1	21	9	21	39	50	77	53	10	62	54	29	54	16	53	36	47	ENSG00000136754.16	ABI1
chr10:26823306-26835314	N_w	0	0	0	0	1	0	0	0	0	0	0	0	0	0	0	0	2	0	0	0	0	0	0	0	2	0	0	0	0	0	0	0	0	0	0	0	0	0	0	3	1	0	2	0	0	0	0	1	1	1	ENSG00000136754.16	ABI1
chr10:26823306-26860746	N_w	37	10	13	30	44	45	54	30	50	29	64	43	10	69	30	42	97	24	46	33	90	43	51	23	29	9	0	5	28	10	11	5	40	3	27	3	28	67	78	98	89	27	126	41	18	77	11	76	96	95	ENSG00000136754.16	ABI1
chr2:65227958-65239851	N_w	84	11	16	82	118	31	73	29	74	58	63	35	7	63	97	63	168	66	116	53	203	67	94	15	63	24	4	10	21	6	9	6	34	0	43	6	49	74	82	117	190	24	78	70	32	82	27	82	45	133	ENSG00000138071.13	ACTR2
chr2:65239963-65242045	N_w	0	0	0	0	0	1	0	0	0	0	0	0	0	0	0	0	1	0	0	0	0	0	0	0	0	0	0	0	0	0	2	0	4	0	0	1	0	3	2	7	4	0	8	0	0	0	0	6	4	11	ENSG00000138071.13	ACTR2
chr2:65239963-65242048	N_w	0	0	0	0	0	0	1	1	0	0	0	0	0	0	0	0	0	0	0	0	0	0	1	0	0	0	0	0	1	0	3	1	3	0	3	0	0	1	8	10	8	1	7	0	0	0	0	6	4	16	ENSG00000138071.13	ACTR2
chr2:65239963-65246504	N_w	0	0	0	0	1	1	0	0	1	0	0	0	0	1	0	1	0	0	2	3	1	0	0	0	1	1	0	0	0	1	0	0	0	0	0	0	5	0	0	0	0	0	0	1	0	0	0	1	1	1	ENSG00000138071.13	ACTR2
chr2:65239963-65246523	N_w	70	7	13	52	90	83	96	64	101	73	120	47	13	86	94	105	258	75	174	85	256	128	105	30	90	11	0	10	41	10	6	6	21	0	43	1	47	33	66	175	93	27	190	89	37	114	52	113	83	110	ENSG00000138071.13	ACTR2
chr2:65242064-65246523	N_w	0	0	0	0	0	2	0	1	1	0	4	0	0	1	0	0	1	0	0	0	0	0	1	0	0	0	0	0	5	0	2	1	8	0	2	1	0	4	8	29	15	0	22	0	0	1	0	19	9	30	ENSG00000138071.13	ACTR2
chr2:65246308-65246523	N_w	0	0	0	0	0	1	0	1	1	0	0	0	0	0	0	0	0	0	0	0	2	0	0	0	0	0	0	0	0	0	0	0	0	0	1	0	0	0	1	0	0	0	0	1	0	0	0	0	3	1	ENSG00000138071.13	ACTR2
chr2:65246740-65251026	N_w	119	19	38	74	91	119	137	91	127	95	160	61	11	153	156	104	259	156	194	147	221	182	128	31	157	28	2	17	52	8	16	14	35	0	67	4	61	79	135	424	166	35	186	139	53	131	53	176	101	185	ENSG00000138071.13	ACTR2
chr2:65251100-65253727	N_w	80	23	38	76	120	160	147	97	148	90	167	56	19	163	166	114	203	160	182	134	281	196	152	51	168	43	2	23	48	8	9	12	49	4	59	1	47	87	122	376	167	28	180	152	47	114	69	183	108	173	ENSG00000138071.13	ACTR2
chr2:65253865-65255544	N_w	133	28	49	113	126	132	138	96	154	113	158	77	25	160	161	135	276	198	238	159	274	193	152	49	177	38	5	26	93	27	18	11	64	4	70	6	61	70	151	462	223	42	338	180	45	111	92	230	153	231	ENSG00000138071.13	ACTR2
chr2:65255695-65261246	N_w	123	29	52	76	120	174	175	145	185	104	232	80	23	184	152	129	314	193	222	136	280	187	180	59	177	42	8	38	61	11	22	29	62	5	70	19	80	68	166	449	239	36	213	180	73	128	78	189	104	220	ENSG00000138071.13	ACTR2
chr2:65255695-65265042	N_w	0	0	0	2	0	0	3	2	0	0	0	0	0	0	0	0	1	0	0	1	3	1	0	1	0	0	0	0	0	0	0	0	0	0	0	0	0	0	1	1	3	1	0	0	0	0	0	3	2	1	ENSG00000138071.13	ACTR2
chr2:65261393-65265042	N_w	200	29	66	115	130	201	225	150	207	127	286	107	34	224	166	222	371	202	255	215	325	248	207	83	173	54	9	41	72	16	31	27	98	5	103	23	75	80	214	507	233	53	356	170	94	153	90	305	210	264	ENSG00000138071.13	ACTR2
chr2:65265176-65268563	N_w	133	27	35	59	104	170	156	102	156	98	200	78	22	201	146	126	243	162	195	131	190	213	144	58	188	52	7	43	68	12	28	19	63	11	83	16	122	93	144	354	204	42	204	172	73	83	62	199	113	204	ENSG00000138071.13	ACTR2
chr2:203328632-203351554	N_w	0	0	0	3	0	0	0	0	1	1	1	1	0	1	0	1	0	1	2	0	3	1	0	0	0	0	0	0	0	0	0	0	0	0	1	0	0	0	0	1	0	0	0	1	1	0	0	1	0	1	ENSG00000138443.15	ABI2
chr2:203328632-203355153	N_w	0	0	0	0	0	1	0	0	1	1	0	1	0	0	1	0	5	1	0	2	4	1	1	0	0	0	0	0	0	0	0	0	0	0	1	0	0	0	0	0	0	0	0	4	0	0	1	0	0	0	ENSG00000138443.15	ABI2
chr2:203328632-203366876	N_w	47	4	12	50	63	62	91	21	69	46	111	27	6	144	83	62	167	60	81	32	128	100	41	13	49	9	1	11	10	4	5	3	8	0	11	2	20	18	28	98	55	14	67	88	44	84	20	55	12	56	ENSG00000138443.15	ABI2
chr2:203328632-203366880	N_w	0	0	0	4	4	2	2	2	5	2	8	0	0	9	6	1	8	5	6	2	9	4	2	0	3	0	0	2	1	0	0	1	0	0	2	0	7	1	0	18	5	1	9	3	3	2	0	5	4	8	ENSG00000138443.15	ABI2
chr2:203328632-203380207	N_w	0	0	0	0	0	0	2	0	0	0	0	4	0	2	2	0	2	0	3	0	0	4	0	0	2	0	0	0	0	0	0	0	0	0	0	0	0	0	0	0	0	0	0	0	0	0	0	0	0	3	ENSG00000138443.15	ABI2
chr2:203346477-203366876	N_w	0	0	0	1	0	0	0	0	0	0	0	0	0	0	0	0	0	0	0	0	2	0	1	0	2	0	0	1	0	0	0	0	0	1	0	0	0	0	1	0	0	0	1	0	0	1	0	0	0	0	ENSG00000138443.15	ABI2
chr2:203351679-203366876	N_w	0	1	0	1	0	1	4	1	2	3	3	6	0	6	6	1	9	0	0	0	1	4	0	0	2	0	0	0	2	0	0	0	0	0	0	0	0	6	0	6	2	0	1	0	1	0	0	1	1	2	ENSG00000138443.15	ABI2
chr2:203355325-203366876	N_w	1	0	0	0	0	2	0	1	2	1	1	0	0	1	1	0	2	2	1	1	4	0	1	1	0	0	0	0	0	0	0	0	0	0	0	0	0	2	0	2	1	0	4	1	1	0	0	1	0	0	ENSG00000138443.15	ABI2
chr2:203367045-203375931	N_w	0	0	0	0	0	0	2	0	1	0	0	1	0	1	1	0	1	0	0	0	0	0	0	0	0	1	0	1	0	0	0	0	0	0	0	0	0	0	0	0	0	0	0	2	0	0	0	0	0	0	ENSG00000138443.15	ABI2
chr2:203367045-203376056	N_w	1	1	2	0	4	7	6	2	7	3	6	0	0	6	7	9	9	7	12	3	14	3	6	2	1	0	0	0	1	0	0	0	0	0	0	0	0	0	2	6	0	0	4	0	1	7	2	3	0	7	ENSG00000138443.15	ABI2
chr2:203367045-203380207	N_w	43	8	21	37	49	69	80	24	72	51	99	16	9	100	75	44	88	66	80	41	124	85	40	5	55	12	5	8	7	3	6	3	14	0	13	3	59	34	26	77	49	7	46	60	42	50	28	47	21	46	ENSG00000138443.15	ABI2
chr2:203367045-203391045	N_w	0	0	0	0	0	0	0	0	0	0	1	0	0	0	0	0	2	0	1	1	0	1	0	0	0	0	0	0	0	0	0	0	0	0	0	0	9	0	0	2	0	0	0	0	0	0	0	1	0	0	ENSG00000138443.15	ABI2
chr2:203367131-203380207	N_w	1	0	0	0	1	2	0	0	0	0	2	0	0	0	1	1	3	2	2	0	1	0	1	0	0	0	0	0	0	0	0	0	0	0	0	0	0	0	0	1	0	0	2	2	1	0	0	0	0	0	ENSG00000138443.15	ABI2
chr2:203376133-203380207	N_w	1	0	0	2	0	1	4	2	3	1	3	0	1	3	10	5	10	3	10	6	6	7	6	0	3	1	0	0	2	0	0	0	1	0	0	0	0	0	1	4	3	1	2	1	1	5	2	4	1	1	ENSG00000138443.15	ABI2
chr2:203380385-203382188	N_w	39	6	1	16	25	104	62	23	94	48	92	34	4	88	4	3	6	10	15	31	67	75	46	12	40	4	4	6	14	2	1	2	7	0	13	5	35	21	36	84	32	11	31	71	34	27	12	52	10	49	ENSG00000138443.15	ABI2
chr2:203380385-203383242	N_w	0	1	0	0	0	0	1	0	0	0	0	0	0	1	2	0	6	3	3	0	3	2	0	0	0	0	0	0	0	0	0	0	0	0	0	0	0	0	0	0	0	0	0	0	0	0	0	0	0	0	ENSG00000138443.15	ABI2
chr2:203380385-203391045	N_w	28	3	6	13	18	6	36	11	3	12	14	4	3	14	68	51	132	52	77	28	63	31	15	6	18	7	7	5	2	6	0	1	0	0	3	4	1	6	4	16	10	1	38	5	0	27	7	1	11	3	ENSG00000138443.15	ABI2
chr2:203382207-203391045	N_w	33	5	1	20	27	93	50	24	82	40	79	36	5	79	4	3	7	10	9	24	65	66	40	12	40	5	3	5	12	1	1	4	9	0	11	3	59	29	32	80	30	12	33	71	34	29	11	47	9	45	ENSG00000138443.15	ABI2
chr2:203383322-203391045	N_w	0	0	0	0	1	0	2	0	1	0	0	0	0	0	4	2	3	1	2	1	3	0	0	0	0	0	0	0	0	0	0	0	0	0	0	0	0	0	0	0	0	0	0	1	0	0	0	0	1	0	ENSG00000138443.15	ABI2
chr2:203391144-203394699	N_w	75	16	17	52	107	76	107	30	106	78	122	39	12	126	102	97	215	88	133	75	199	98	53	24	61	13	13	7	11	13	3	4	14	4	12	5	40	25	33	79	40	9	74	75	55	116	30	34	43	47	ENSG00000138443.15	ABI2
chr2:203391144-203395655	N_w	15	5	2	10	25	20	20	11	65	20	30	10	4	55	7	3	6	10	3	4	21	11	7	1	8	4	0	5	15	6	5	8	16	2	19	3	65	17	32	82	35	12	38	30	19	17	6	51	13	55	ENSG00000138443.15	ABI2
chr2:203391144-203395658	N_w	3	2	1	1	7	9	2	3	13	4	7	2	0	7	0	0	3	1	1	1	1	4	4	1	4	0	0	0	2	1	2	3	0	1	4	1	6	6	2	24	5	1	10	4	4	3	0	8	4	9	ENSG00000138443.15	ABI2
chr2:203394847-203395655	N_w	76	8	14	53	86	76	101	52	84	69	113	41	5	138	123	69	211	90	135	56	210	98	49	19	79	14	4	14	12	12	5	7	15	4	17	12	21	14	33	88	29	10	82	91	52	92	24	29	21	53	ENSG00000138443.15	ABI2
chr2:203394847-203395658	N_w	10	0	1	3	5	11	8	4	5	5	16	5	0	11	12	10	22	6	20	5	24	16	12	0	6	3	1	1	2	1	0	0	1	0	3	0	0	3	3	11	7	1	8	11	5	6	5	5	6	5	ENSG00000138443.15	ABI2
chr2:203395781-203396784	N_w	43	6	6	30	81	66	73	31	95	59	100	37	0	143	7	8	27	14	47	29	79	68	38	7	45	9	1	3	9	4	6	3	13	1	16	4	63	43	42	103	43	13	48	89	50	72	16	41	24	55	ENSG00000138443.15	ABI2
chr2:203395781-203402575	N_w	21	9	4	18	21	1	15	7	0	13	5	0	3	14	66	56	126	38	33	8	58	34	4	5	14	3	4	4	1	7	2	4	2	2	0	1	0	4	6	22	7	2	25	7	0	24	5	4	13	4	ENSG00000138443.15	ABI2
chr2:203396968-203402575	N_w	19	3	5	24	60	87	64	21	116	68	61	39	9	106	14	4	34	22	29	32	84	58	33	12	38	10	2	5	10	5	4	6	15	0	12	7	31	42	29	106	43	12	54	101	57	52	9	45	22	66	ENSG00000138443.15	ABI2
chr2:203402735-203403316	N_w	1	0	0	2	0	0	0	0	1	1	0	1	0	1	0	0	0	0	1	0	0	0	2	0	0	0	0	0	0	0	0	0	0	1	1	1	0	0	1	1	0	0	0	2	0	0	0	2	1	0	ENSG00000138443.15	ABI2
chr2:203402735-203411284	N_w	21	3	8	27	32	41	43	17	36	31	50	17	0	61	42	48	64	39	56	40	68	48	15	11	37	13	7	8	6	5	2	6	8	2	9	7	18	10	16	39	28	8	16	37	28	45	9	21	13	25	ENSG00000138443.15	ABI2
chr2:203402735-203416907	N_w	35	6	12	36	48	58	41	35	86	78	84	37	7	92	61	48	118	43	54	47	72	76	40	10	63	15	8	8	29	13	6	7	30	6	32	38	28	45	46	121	73	19	72	64	53	75	25	74	46	87	ENSG00000138443.15	ABI2
chr2:203402735-203416913	N_w	0	0	0	1	1	1	1	0	0	2	0	0	2	3	2	3	3	1	3	0	1	1	0	1	0	0	1	0	0	0	0	0	1	0	1	0	0	0	1	0	2	0	1	1	0	1	0	1	1	2	ENSG00000138443.15	ABI2
chr2:203411372-203416907	N_w	55	18	24	45	65	67	78	29	76	60	77	45	5	97	65	51	110	49	79	51	140	71	55	25	44	26	4	25	10	6	4	6	17	3	30	21	18	21	20	93	55	13	56	84	47	63	33	52	28	56	ENSG00000138443.15	ABI2
chr2:203411372-203416913	N_w	5	1	1	1	3	2	2	1	2	1	3	1	0	2	2	8	7	1	6	2	8	3	6	1	4	2	1	0	0	1	0	1	2	0	1	0	0	3	2	5	2	0	1	2	0	2	3	1	2	3	ENSG00000138443.15	ABI2
chr2:203417082-203427176	N_w	83	18	12	41	57	96	93	21	93	46	156	39	10	124	92	55	73	80	130	81	113	93	62	17	77	20	12	10	10	4	7	14	20	5	13	11	51	43	29	98	42	14	47	62	54	48	40	50	13	45	ENSG00000138443.15	ABI2
chr2:203427270-203427495	N_w	9	2	3	3	1	3	2	0	3	0	3	1	0	2	4	6	8	7	6	3	11	3	1	1	2	4	1	2	0	0	1	0	1	2	0	0	0	0	0	4	2	1	6	1	0	2	0	1	2	3	ENSG00000138443.15	ABI2
chr2:203427270-203431000	N_w	0	0	0	0	0	0	1	0	0	1	0	0	0	1	0	3	0	1	0	1	0	0	0	1	1	0	0	0	0	0	1	0	0	0	0	0	0	4	0	1	1	0	0	0	1	0	0	0	0	0	ENSG00000138443.15	ABI2
chr1:27408347-27409691	N_w	23	6	7	14	29	10	20	9	15	18	29	2	7	31	56	39	65	43	44	15	55	41	12	3	9	4	1	1	1	3	2	3	2	2	8	6	0	4	6	28	15	3	27	15	6	52	5	13	16	3	ENSG00000158195.10	WASF2
chr1:27410207-27412571	N_w	11	1	3	18	20	7	17	12	6	18	14	4	4	21	40	33	37	28	21	13	33	21	10	3	11	2	2	3	0	3	1	1	2	3	5	0	0	4	5	18	9	1	16	9	5	10	11	8	6	4	ENSG00000158195.10	WASF2
chr1:27412728-27414832	N_w	19	4	7	23	12	13	17	3	8	9	29	2	0	24	24	37	36	43	25	12	22	28	14	9	13	3	0	6	3	0	0	2	5	0	1	0	0	15	6	17	13	1	11	5	3	17	11	6	9	5	ENSG00000158195.10	WASF2
chr1:27414964-27415984	N_w	40	6	8	24	21	28	31	16	27	19	32	2	8	26	64	51	156	78	97	34	77	52	18	10	26	8	5	10	6	15	0	5	9	3	1	0	8	7	7	59	14	2	69	17	7	43	13	8	29	14	ENSG00000158195.10	WASF2
chr1:27416103-27418268	N_w	41	8	11	15	16	27	29	17	18	34	42	2	0	44	53	64	115	70	73	27	98	40	17	12	27	16	1	4	4	12	1	2	3	1	5	1	6	8	6	52	10	2	45	21	10	46	23	9	24	8	ENSG00000158195.10	WASF2
chr1:27418423-27418953	N_w	38	5	3	20	25	20	40	8	17	18	37	6	4	40	68	73	129	79	65	23	83	49	19	6	18	5	2	10	2	6	1	1	0	5	4	0	4	7	14	51	14	2	47	30	5	46	8	15	16	6	ENSG00000158195.10	WASF2
chr1:27419089-27428760	N_w	8	2	3	7	3	6	11	1	5	7	17	1	1	15	22	12	12	19	14	9	20	14	4	2	7	1	0	4	1	2	0	3	1	0	1	0	0	2	1	6	0	1	8	8	2	19	3	1	2	1	ENSG00000158195.10	WASF2
chr1:27428934-27489985	N_w	30	0	3	16	16	0	16	0	7	8	8	0	6	2	26	13	58	20	21	7	33	25	11	7	11	2	0	4	0	0	2	0	0	0	5	2	0	0	2	6	7	2	18	9	3	19	4	3	8	3	ENSG00000158195.10	WASF2
chr1:32742190-32767786	N_w	1	0	0	2	0	0	3	0	0	1	0	0	0	2	1	1	9	2	5	1	4	0	0	2	0	0	0	0	0	0	1	0	0	0	0	0	0	0	0	0	1	0	2	0	0	0	0	0	0	2	ENSG00000162522.10	KIAA1522
chr1:32754181-32767786	N_w	8	0	2	3	2	0	4	2	12	3	0	4	0	5	17	6	39	8	7	6	21	4	10	2	2	3	0	0	0	0	7	1	2	0	12	5	9	5	8	1	19	1	9	9	7	4	3	2	9	5	ENSG00000162522.10	KIAA1522
chr1:32765828-32767786	N_w	11	5	3	7	21	13	16	4	27	14	27	6	4	18	2	0	4	0	11	11	19	6	23	7	10	6	0	5	0	0	0	0	0	0	0	0	0	0	0	0	0	0	0	21	12	18	9	0	0	0	ENSG00000162522.10	KIAA1522
chr1:32767958-32768061	N_w	22	14	16	28	42	26	30	23	50	34	40	26	3	32	37	30	68	25	35	30	62	18	69	17	32	15	4	16	8	4	6	7	13	2	10	8	13	11	21	11	32	10	34	37	32	45	13	25	23	27	ENSG00000162522.10	KIAA1522
chr1:32767958-32768651	N_w	1	1	0	1	1	0	1	0	1	0	1	0	0	1	3	0	2	1	2	0	4	1	3	0	0	1	0	0	0	0	0	1	0	0	0	0	0	0	0	0	1	0	4	0	1	0	0	3	0	3	ENSG00000162522.10	KIAA1522
chr1:32768118-32768594	N_w	0	1	0	0	0	0	0	0	4	1	0	0	0	0	2	0	0	0	0	0	1	0	0	0	1	0	0	0	0	0	0	0	0	0	0	0	0	0	1	0	1	0	0	0	0	3	0	2	0	1	ENSG00000162522.10	KIAA1522
chr1:32768118-32768651	N_w	28	17	15	27	52	39	20	21	54	38	45	19	8	51	39	25	73	27	46	40	72	23	68	15	24	7	8	15	15	9	8	8	16	0	19	12	12	8	27	15	34	13	47	36	23	42	11	34	31	26	ENSG00000162522.10	KIAA1522
chr1:32768776-32769672	N_w	16	4	2	24	24	8	17	12	26	13	20	4	2	34	26	15	30	14	24	18	28	9	25	4	7	6	1	5	1	0	0	1	3	1	3	0	0	5	15	12	24	3	12	26	8	21	13	8	4	10	ENSG00000162522.10	KIAA1522
chr1:32769787-32769879	N_w	8	4	5	11	12	4	6	3	28	24	9	5	3	16	25	13	31	19	12	13	47	15	28	5	17	1	0	8	3	0	1	0	4	1	0	0	5	13	10	2	25	3	8	26	18	22	18	6	4	9	ENSG00000162522.10	KIAA1522
chr1:32772442-32772864	N_w	15	10	14	34	53	20	21	23	58	38	37	24	6	52	32	20	60	27	32	34	48	17	43	12	20	14	10	20	6	4	5	10	17	2	12	2	18	20	16	15	39	12	38	43	25	42	16	22	22	16	ENSG00000162522.10	KIAA1522
chr1:183627595-183630460	N_w	45	39	37	31	46	61	111	41	104	48	148	74	37	95	40	43	35	49	66	76	51	76	76	33	67	53	15	36	13	7	11	18	16	6	21	18	6	19	28	56	23	14	18	87	68	44	38	34	10	15	ENSG00000162704.15	ARPC5
chr1:183630638-183633081	N_w	90	57	72	87	140	65	157	70	178	136	232	168	49	161	80	100	131	84	115	149	140	128	150	74	153	81	25	67	23	30	29	26	45	28	58	47	76	85	72	58	85	36	44	208	142	133	72	114	57	47	ENSG00000162704.15	ARPC5
chr1:183633154-183635515	N_w	0	0	0	0	0	0	0	0	0	0	0	0	0	0	0	0	0	0	0	0	0	121	0	0	0	93	0	0	0	0	32	31	0	0	0	0	0	0	0	0	0	38	0	0	0	0	0	0	0	0	ENSG00000162704.15	ARPC5
chr2:218217255-218217462	N_w	32	5	6	56	62	1	10	13	37	43	4	91	17	3	15	5	39	7	13	24	49	15	25	13	11	14	9	10	3	18	23	18	15	5	16	6	49	27	32	10	61	1	9	44	35	45	18	26	2	1	ENSG00000163466.15	ARPC2
chr2:218217255-218225919	N_w	0	0	0	0	1	0	1	0	0	1	0	3	2	0	0	0	0	0	1	0	0	0	1	0	0	1	0	0	0	0	0	0	1	0	0	0	2	1	2	1	2	0	0	2	1	1	0	0	2	0	ENSG00000163466.15	ARPC2
chr2:218217545-218225919	N_w	187	82	109	204	260	63	139	141	272	244	151	239	76	137	98	91	283	95	137	217	270	121	289	117	153	125	71	106	96	107	102	82	243	46	217	114	230	152	287	147	296	127	207	255	151	186	81	312	245	186	ENSG00000163466.15	ARPC2
chr2:218217545-218228737	N_w	1	0	0	0	0	0	0	0	0	0	0	0	0	1	0	0	0	0	0	0	0	0	0	0	0	0	0	0	0	0	0	0	0	0	0	0	3	2	0	0	0	0	0	1	0	0	1	0	1	0	ENSG00000163466.15	ARPC2
chr2:218225955-218228737	N_w	181	99	131	121	211	81	103	141	251	208	177	196	69	136	100	90	212	126	164	222	253	98	294	138	191	145	91	109	103	57	109	82	212	38	169	118	199	121	262	187	228	120	196	226	131	122	82	291	205	171	ENSG00000163466.15	ARPC2
chr2:218228797-218238663	N_w	0	0	0	0	0	0	0	0	0	0	1	0	0	0	0	0	1	1	1	1	1	1	0	0	0	0	0	0	0	1	0	0	0	0	0	0	0	0	2	0	0	0	0	0	0	0	0	0	0	0	ENSG00000163466.15	ARPC2
chr2:218228797-218239390	N_w	0	1	0	0	0	0	2	0	0	0	0	0	0	3	0	1	0	0	4	2	0	0	0	0	0	0	0	1	0	1	0	0	0	0	0	0	0	0	3	0	2	0	0	0	0	0	1	0	0	1	ENSG00000163466.15	ARPC2
chr2:218228851-218234351	N_w	195	143	123	113	159	105	169	222	296	228	304	233	66	220	149	148	217	180	254	292	245	170	230	143	224	191	79	103	152	92	152	135	246	46	217	183	209	165	331	271	218	122	262	307	149	114	156	388	243	263	ENSG00000163466.15	ARPC2
chr2:218228851-218238663	N_w	6	4	1	1	2	1	1	6	5	2	4	4	0	4	1	1	6	4	7	10	4	3	9	4	10	3	2	1	3	3	7	1	13	2	4	5	4	8	8	11	11	8	11	10	2	0	2	13	5	3	ENSG00000163466.15	ARPC2
chr2:218228851-218245419	N_w	3	0	0	0	2	0	0	2	1	0	0	0	0	0	0	1	1	0	0	1	0	0	0	0	1	0	0	1	0	0	0	0	0	0	0	0	0	0	2	1	0	0	0	0	0	0	0	0	0	0	ENSG00000163466.15	ARPC2
chr2:218234398-218234848	N_w	0	0	0	0	0	0	0	2	1	1	0	1	0	0	0	1	0	1	0	0	0	1	1	0	0	0	0	0	0	0	0	0	0	0	0	0	0	0	2	0	1	0	0	0	1	0	1	2	0	0	ENSG00000163466.15	ARPC2
chr2:218234398-218238663	N_w	216	157	166	157	169	183	227	254	406	228	421	261	69	307	150	188	218	195	292	310	281	193	294	162	231	210	91	130	149	124	158	163	313	55	211	212	140	150	371	319	204	200	243	291	184	143	145	381	280	244	ENSG00000163466.15	ARPC2
chr2:218235045-218238663	N_w	0	3	2	1	0	2	1	1	2	1	2	1	0	0	2	0	1	1	1	2	1	0	4	2	2	0	1	0	0	0	0	0	0	0	0	0	0	0	2	0	0	0	0	0	0	0	0	0	0	2	ENSG00000163466.15	ARPC2
chr2:218236734-218238663	N_w	1	0	2	0	0	0	0	0	1	0	0	0	0	0	0	0	0	1	0	5	0	0	2	0	1	0	1	0	0	1	0	0	1	0	1	1	0	0	3	0	1	1	1	1	0	0	1	2	1	0	ENSG00000163466.15	ARPC2
chr2:218238851-218239390	N_w	236	243	214	158	220	229	260	248	397	210	460	283	103	368	171	165	198	196	223	434	217	203	302	175	299	276	113	198	136	86	131	206	268	72	172	226	209	163	359	286	203	174	157	340	214	133	176	357	234	241	ENSG00000163466.15	ARPC2
chr2:218238851-218245419	N_w	4	0	1	0	0	0	0	0	0	0	0	0	0	0	0	0	5	1	1	0	1	1	0	0	3	0	0	0	1	0	1	3	0	0	0	0	0	2	0	0	0	0	1	0	0	0	0	0	2	0	ENSG00000163466.15	ARPC2
chr2:218239485-218245419	N_w	211	235	168	307	307	235	322	347	561	248	452	390	102	406	139	241	332	157	363	395	328	201	375	268	295	253	162	205	198	194	241	292	556	123	260	460	445	256	623	465	359	307	345	387	265	212	179	587	454	337	ENSG00000163466.15	ARPC2
chr2:218239485-218249363	N_w	2	0	1	0	2	2	2	3	1	0	3	1	0	2	1	0	0	0	2	2	1	1	2	0	2	0	0	1	0	3	4	0	1	0	1	3	0	1	5	1	2	3	0	1	0	1	1	3	2	1	ENSG00000163466.15	ARPC2
chr2:218245547-218249363	N_w	375	357	235	380	493	263	399	502	742	407	579	592	163	535	193	286	535	219	423	612	434	237	558	347	347	414	273	291	370	594	464	479	868	270	542	979	644	345	994	609	478	499	846	648	370	294	262	984	1125	549	ENSG00000163466.15	ARPC2
chr2:218249465-218249798	N_w	1	0	0	0	0	0	0	0	1	0	0	0	0	0	0	0	0	0	0	0	0	0	0	0	0	0	0	0	0	0	0	0	0	0	0	0	9	0	0	0	0	0	1	0	0	0	0	0	0	0	ENSG00000163466.15	ARPC2
chr2:218249465-218249820	N_w	383	308	178	266	432	231	370	505	672	372	552	637	200	498	228	252	475	273	368	523	453	272	384	269	310	370	281	278	392	560	429	474	993	268	507	1129	634	342	1064	811	540	521	819	648	407	340	196	1046	1243	634	ENSG00000163466.15	ARPC2
chr2:218249922-218253890	N_w	341	369	289	265	292	317	346	447	680	287	624	492	222	559	181	229	405	224	358	569	396	241	518	387	368	535	343	304	421	496	461	458	879	336	457	1497	525	276	950	695	546	475	521	431	439	267	229	885	908	492	ENSG00000163466.15	ARPC2
chrX:17687895-17692334	N_w	0	0	0	0	1	0	0	0	2	0	0	2	0	0	4	1	6	0	0	0	7	3	2	1	0	0	0	0	0	0	0	0	0	0	0	0	0	0	1	0	1	0	0	1	0	2	0	0	0	0	ENSG00000188158.14	NHS
chrX:17692469-17719343	N_w	0	0	0	0	0	0	0	0	0	0	1	0	0	0	2	0	5	1	0	0	8	3	0	0	0	0	0	0	0	0	0	0	0	0	0	0	0	0	0	0	0	0	0	0	0	1	0	0	0	0	ENSG00000188158.14	NHS
chrX:17692469-17721440	N_w	0	0	0	0	0	0	0	0	0	0	0	0	0	1	1	0	0	1	0	0	1	2	1	0	0	0	0	0	0	0	0	0	0	0	1	0	0	0	0	0	0	0	1	0	0	1	0	0	0	1	ENSG00000188158.14	NHS
chrX:17719407-17721440	N_w	0	0	0	0	2	0	0	0	0	0	0	0	0	0	1	2	2	2	0	0	2	2	0	1	0	0	0	0	0	0	0	0	0	0	0	0	0	0	0	0	0	0	1	0	0	1	0	0	0	0	ENSG00000188158.14	NHS
chrX:17721634-17724298	N_w	1	0	0	1	4	1	1	1	0	0	0	0	0	2	3	1	11	3	5	0	17	6	1	0	2	1	0	0	0	0	0	0	0	0	0	0	5	0	0	0	0	0	4	0	0	1	0	0	1	1	ENSG00000188158.14	NHS
chrX:17724431-17725346	N_w	1	0	0	2	3	0	2	1	0	0	1	0	0	3	1	2	2	2	3	3	6	5	3	1	4	0	0	0	0	0	0	1	1	0	0	0	0	1	1	2	1	0	4	1	0	2	1	0	2	1	ENSG00000188158.14	NHS
chrX:17728329-17728648	N_w	5	1	2	3	2	1	1	1	4	2	3	1	0	7	5	5	10	1	7	1	5	9	8	6	4	1	1	0	1	0	1	0	1	0	0	0	0	1	0	4	4	0	1	1	0	3	10	1	2	2	ENSG00000188158.14	NHS
chrX:17728776-17731857	N_w	7	1	2	3	2	1	0	1	0	2	3	3	0	2	5	2	5	3	7	6	6	4	7	5	7	1	0	1	0	0	0	0	2	0	0	0	0	0	2	4	2	0	4	2	0	2	10	0	2	3	ENSG00000188158.14	NHS
chrX:71911368-72009345	N_w	0	0	0	0	0	0	0	0	0	0	0	0	0	0	3	2	3	3	0	0	0	0	0	0	0	0	0	0	0	0	0	0	0	0	0	0	0	0	0	0	0	0	0	0	0	0	0	0	0	0	ENSG00000204131.9	NHSL2
chrX:72134219-72134508	N_w	0	0	0	1	0	0	0	0	0	0	1	0	0	0	2	1	1	0	0	1	1	2	1	1	1	0	0	0	0	0	0	0	0	0	0	0	0	5	0	0	1	0	2	0	0	0	0	1	0	0	ENSG00000204131.9	NHSL2
chrX:72134705-72137093	N_w	0	0	0	0	0	0	0	0	0	0	0	0	0	1	3	1	1	2	3	0	0	2	0	0	0	0	0	0	0	0	0	0	0	0	0	0	0	0	1	0	0	0	0	0	0	3	0	0	0	1	ENSG00000204131.9	NHSL2
chrX:72134705-72138440	N_w	0	0	0	0	0	0	1	0	0	0	0	0	0	0	2	0	2	1	0	1	2	1	1	1	1	0	0	0	0	0	0	0	0	0	0	0	0	0	0	0	0	0	1	0	0	0	0	0	0	0	ENSG00000204131.9	NHSL2
chrX:72137226-72138440	N_w	2	0	0	0	0	0	1	0	0	0	0	0	0	1	2	0	3	4	1	1	1	0	0	0	0	0	0	0	0	0	0	0	0	0	0	0	0	0	0	0	0	1	1	0	0	0	0	0	0	0	ENSG00000204131.9	NHSL2
chrX:72140772-72142231	N_w	0	1	1	2	2	1	1	2	0	1	1	0	1	2	19	6	17	5	4	2	14	2	4	1	4	1	0	0	0	0	1	1	0	1	0	0	0	0	2	2	5	1	12	1	1	1	1	3	3	1	ENSG00000204131.9	NHSL2
chrX:72142365-72143252	N_w	1	0	2	1	0	0	1	1	0	0	1	0	0	0	7	3	7	3	4	1	5	2	1	2	3	0	0	0	0	0	1	0	0	0	0	1	0	0	1	0	1	1	0	0	0	0	2	0	0	2	ENSG00000204131.9	NHSL2
chr3:9792706-9797658	N_w	2	0	0	7	4	0	0	0	2	0	0	1	0	0	0	1	2	1	1	1	4	3	1	1	2	0	3	0	0	0	2	0	2	0	3	0	4	2	1	0	0	0	0	1	2	2	0	1	0	1	ENSG00000241553.12	ARPC4
chr3:9793125-9797658	N_w	15	14	2	10	25	2	15	9	22	7	13	12	10	11	10	10	30	12	11	17	21	10	15	7	3	4	4	2	5	13	13	16	16	7	13	17	19	23	32	15	34	12	7	22	21	11	5	17	10	7	ENSG00000241553.12	ARPC4
chr3:9797778-9799878	N_w	5	1	2	0	6	2	0	0	5	0	8	6	0	6	1	0	1	0	0	4	7	0	7	1	2	3	0	0	1	0	3	5	6	0	4	4	2	3	10	3	10	0	5	12	2	1	0	9	2	3	ENSG00000241553.12	ARPC4
chr3:9797778-9800184	N_w	129	66	80	153	216	46	160	132	153	121	255	182	88	227	108	80	153	84	131	170	179	128	179	95	99	96	51	75	72	91	95	137	212	53	131	163	231	106	278	205	221	114	138	189	101	136	50	283	158	151	ENSG00000241553.12	ARPC4
chr3:9797778-9801660	N_w	0	0	0	1	0	0	0	0	0	0	0	1	0	1	1	0	0	0	0	1	2	0	2	0	1	0	0	0	0	0	0	0	0	0	1	1	0	0	0	0	1	0	0	1	1	0	1	0	0	1	ENSG00000241553.12	ARPC4
chr3:9797778-9803842	N_w	3	0	0	0	0	0	1	0	1	0	0	0	0	0	3	0	0	0	0	0	1	0	0	0	0	0	0	0	0	0	1	0	0	0	0	0	0	0	1	0	0	0	1	0	0	0	0	0	0	0	ENSG00000241553.12	ARPC4
chr3:9800068-9800184	N_w	2	2	4	5	7	7	9	8	6	3	2	3	5	8	0	3	4	1	5	11	4	1	14	5	5	7	2	2	5	4	1	7	6	5	5	3	9	2	12	14	13	5	6	13	3	4	2	8	6	4	ENSG00000241553.12	ARPC4
chr3:9800297-9801660	N_w	119	111	89	122	137	59	123	145	192	117	244	157	37	240	111	94	123	120	166	217	201	95	152	100	133	125	59	83	68	56	50	112	165	36	101	136	183	92	201	326	196	126	100	212	129	108	85	229	112	123	ENSG00000241553.12	ARPC4
chr3:9800297-9803842	N_w	5	1	1	1	1	2	5	7	2	1	5	2	0	5	5	1	2	2	5	3	3	4	6	2	3	4	6	4	2	3	1	4	7	5	3	10	0	1	5	1	2	1	3	5	1	3	0	5	1	5	ENSG00000241553.12	ARPC4
chr3:9801751-9803842	N_w	0	0	0	0	0	0	0	0	0	0	0	0	0	0	0	0	0	0	0	1	0	0	0	0	0	0	0	0	0	0	0	1	2	0	1	0	0	0	2	0	1	0	1	0	0	0	0	2	1	1	ENSG00000241553.12	ARPC4
chr3:9801757-9803842	N_w	136	124	114	97	135	135	180	201	234	112	297	172	65	259	97	160	199	119	234	192	151	140	246	128	129	110	68	73	126	119	93	135	293	82	155	263	211	98	323	274	181	156	253	206	173	129	74	265	339	192	ENSG00000241553.12	ARPC4
chr3:9803708-9803842	N_w	4	0	0	0	0	1	0	0	4	0	0	1	0	0	1	0	1	2	1	1	0	2	2	1	2	1	0	0	0	0	0	0	3	0	2	0	0	0	1	0	1	0	0	0	2	0	0	1	1	1	ENSG00000241553.12	ARPC4
chr3:9804014-9806209	N_w	232	237	169	195	273	178	246	368	412	213	423	356	163	387	155	170	294	177	284	413	268	159	389	192	222	271	188	202	223	233	229	294	519	164	281	589	452	293	553	653	417	290	247	323	277	194	150	582	438	319	ENSG00000241553.12	ARPC4
chr7:99326005-99333324	N_w	46	27	8	72	88	37	53	34	56	64	88	68	24	78	40	45	150	23	112	62	134	51	68	37	24	33	20	20	45	57	34	46	112	19	56	30	66	64	145	119	113	51	112	62	37	44	22	115	116	91	ENSG00000241685.9	ARPC1A
chr7:99326005-99338180	N_w	0	0	0	1	0	1	0	0	1	0	0	0	0	2	0	1	0	0	0	0	0	0	0	0	0	0	0	0	0	0	1	0	0	1	0	0	0	0	0	1	1	0	0	0	0	0	0	1	0	0	ENSG00000241685.9	ARPC1A
chr7:99333418-99338180	N_w	132	101	99	132	163	105	129	116	172	146	244	143	42	241	114	112	257	105	181	195	249	144	204	100	119	149	48	93	95	101	41	95	219	38	105	92	162	120	259	323	232	133	253	160	138	166	102	270	229	198	ENSG00000241685.9	ARPC1A
chr7:99333418-99338182	N_w	0	0	0	0	0	0	0	0	0	0	0	0	0	0	0	0	0	0	0	1	0	0	0	0	0	0	0	0	1	0	0	0	0	0	0	0	6	0	0	1	0	0	1	0	0	0	0	0	0	0	ENSG00000241685.9	ARPC1A
chr7:99333418-99344292	N_w	0	0	0	1	0	0	0	0	0	0	0	1	1	0	0	0	2	0	0	1	0	0	0	0	0	0	0	0	0	0	0	0	0	0	1	0	0	0	0	0	2	0	0	2	0	0	1	0	0	0	ENSG00000241685.9	ARPC1A
chr7:99338286-99344292	N_w	78	83	54	88	119	58	116	97	115	100	175	119	29	162	71	74	102	80	88	177	128	109	119	69	105	104	39	49	62	57	58	86	187	33	97	73	62	61	223	206	135	100	166	135	65	120	61	187	198	132	ENSG00000241685.9	ARPC1A
chr7:99344516-99348851	N_w	128	104	95	135	175	113	115	160	210	129	222	171	63	209	109	115	218	123	125	241	214	159	184	126	130	151	82	111	86	93	84	130	213	84	113	155	114	71	292	400	200	145	203	193	112	174	91	236	177	163	ENSG00000241685.9	ARPC1A
chr7:99344516-99353908	N_w	0	0	1	0	1	0	2	0	1	0	0	0	0	0	1	0	0	1	0	2	2	0	2	1	2	3	2	1	0	0	0	0	0	0	0	0	0	0	0	0	0	1	1	1	2	1	0	0	0	0	ENSG00000241685.9	ARPC1A
chr7:99348960-99349247	N_w	0	0	1	0	0	0	1	1	0	0	0	0	0	0	0	1	0	1	1	2	0	0	0	1	0	0	0	0	0	0	0	0	1	0	1	1	0	3	0	0	0	0	0	0	0	1	0	1	0	1	ENSG00000241685.9	ARPC1A
chr7:99348960-99353908	N_w	50	54	31	26	56	32	34	51	73	39	66	51	22	67	35	30	64	66	70	66	58	54	71	43	55	55	38	44	26	18	19	38	52	7	22	51	33	29	68	81	55	27	34	56	34	37	23	55	43	27	ENSG00000241685.9	ARPC1A
chr7:99348960-99358339	N_w	0	1	0	1	0	0	0	1	0	0	1	1	0	1	1	0	2	0	0	0	1	0	1	0	0	0	1	0	0	0	0	0	0	0	0	0	0	0	0	0	0	1	0	0	0	1	0	0	0	0	ENSG00000241685.9	ARPC1A
chr7:99354122-99358339	N_w	40	51	25	36	65	12	27	27	55	26	57	67	7	66	40	21	31	42	30	80	40	36	58	28	39	52	25	27	12	10	28	42	54	8	29	37	32	45	68	55	49	26	20	49	47	26	33	46	36	36	ENSG00000241685.9	ARPC1A
chr7:99358416-99359544	N_w	73	98	78	90	167	56	100	121	165	114	166	136	52	168	64	94	173	76	98	153	154	111	167	105	76	149	84	83	62	120	62	121	227	78	80	184	127	73	285	240	179	119	200	171	117	125	53	195	247	135	ENSG00000241685.9	ARPC1A
chr7:99359739-99363542	N_w	97	111	94	104	108	95	98	143	154	79	214	191	63	197	101	106	135	102	120	209	175	136	178	115	102	185	84	116	89	107	102	167	235	92	88	367	91	77	245	333	165	125	129	124	131	119	71	221	172	144	ENSG00000241685.9	ARPC1A
chr7:99359739-99365890	N_w	0	1	0	0	2	0	0	2	0	0	2	0	0	0	0	1	2	0	2	0	1	0	0	1	0	0	1	0	0	0	0	0	0	2	0	0	0	0	1	0	0	0	0	0	0	1	0	0	1	0	ENSG00000241685.9	ARPC1A
chr7:99360275-99363542	N_w	2	0	1	0	0	0	0	0	0	0	0	0	0	1	1	1	0	1	1	0	2	0	0	1	1	0	0	1	0	0	0	0	0	0	0	0	0	0	1	0	0	0	0	0	0	0	0	0	0	0	ENSG00000241685.9	ARPC1A
chr7:99363634-99365890	N_w	104	145	77	117	153	92	90	144	196	103	194	243	80	191	97	92	166	80	120	190	178	132	193	116	98	175	98	114	103	171	145	199	312	153	117	509	151	80	323	346	197	170	173	173	119	136	65	268	220	134	ENSG00000241685.9	ARPC1A
chr7:99363634-99365911	N_w	0	0	0	0	0	0	0	0	1	2	0	1	0	1	0	0	0	0	0	1	1	0	0	0	0	0	0	0	0	0	1	1	0	0	0	3	0	0	0	0	0	2	0	0	0	0	0	0	1	0	ENSG00000241685.9	ARPC1A
chr7:99365739-99365890	N_w	0	1	0	0	1	0	0	0	0	0	0	0	0	1	0	0	0	0	0	2	0	0	0	0	0	0	0	0	0	0	0	0	0	0	0	4	0	0	0	0	1	0	0	0	0	0	0	0	0	0	ENSG00000241685.9	ARPC1A
chr3:10115820-10118905	N_w	11	9	7	5	18	7	13	10	19	7	23	23	7	21	1	3	8	1	11	6	5	4	11	6	9	7	6	1	8	5	23	24	48	10	13	41	18	15	36	18	30	22	30	18	8	10	3	39	26	12	ENSG00000254999.3	BRK1
chr3:10115820-10125625	N_w	310	214	192	311	356	246	298	357	414	308	433	384	136	396	198	255	493	201	565	418	509	269	460	229	227	332	177	215	373	357	422	416	699	168	491	729	527	263	983	739	588	475	661	422	274	289	191	1005	787	550	ENSG00000254999.3	BRK1
chr3:10115820-10126268	N_w	5	0	0	1	1	0	0	0	1	2	0	1	0	0	3	0	0	0	1	0	1	0	1	1	0	0	0	0	0	0	1	1	0	0	0	0	0	0	3	0	0	0	0	2	0	0	1	0	1	0	ENSG00000254999.3	BRK1
chr3:10118971-10125611	N_w	1	1	2	0	2	0	0	0	3	0	0	0	0	1	0	0	0	0	0	0	0	0	0	0	2	1	0	0	0	0	0	0	2	1	1	2	0	0	4	1	1	0	0	1	0	0	1	2	1	0	ENSG00000254999.3	BRK1
chr3:10118971-10125625	N_w	11	16	18	11	19	20	18	20	37	12	49	23	13	22	1	8	19	6	14	22	19	8	36	11	19	23	6	12	16	13	35	16	38	16	18	72	37	11	43	29	44	26	50	16	18	21	10	59	37	34	ENSG00000254999.3	BRK1
chr3:10125709-10126268	N_w	383	343	326	301	328	307	457	468	587	336	510	397	191	490	255	298	601	257	596	563	561	316	597	322	334	423	264	335	353	305	426	469	792	219	418	821	493	348	960	761	556	463	581	451	314	290	218	934	805	491	ENSG00000254999.3	BRK1
chr15:22869568-22870009	N_w	2	0	0	0	0	0	0	0	0	1	0	1	0	0	0	0	1	0	0	2	0	0	0	1	1	2	0	1	0	1	1	1	0	0	0	4	6	0	1	0	0	0	0	0	0	0	1	0	1	0	ENSG00000273749.4	CYFIP1
chr15:22870193-22872824	N_w	33	35	32	27	27	11	31	38	39	31	59	42	29	77	73	57	94	62	104	78	63	47	50	29	40	50	21	40	10	18	24	17	19	7	17	23	1	13	34	39	22	22	17	34	39	38	33	33	16	24	ENSG00000273749.4	CYFIP1
chr15:22870193-22873490	N_w	0	0	0	0	1	0	0	0	1	0	0	1	0	1	0	0	0	0	0	0	0	0	0	0	0	0	0	0	0	0	0	1	0	0	0	3	0	0	3	0	2	0	0	1	0	0	0	0	0	0	ENSG00000273749.4	CYFIP1
chr15:22872973-22873490	N_w	71	63	39	56	86	33	73	82	92	65	68	82	60	122	134	154	164	106	178	131	127	62	75	49	67	54	46	61	13	33	16	33	62	15	44	37	79	31	71	95	52	26	47	97	71	104	59	52	51	35	ENSG00000273749.4	CYFIP1
chr15:22873730-22874549	N_w	38	31	30	22	42	19	42	41	26	26	55	39	23	64	68	50	92	59	105	79	59	38	48	27	29	48	15	35	12	18	10	7	16	7	18	19	29	22	27	38	20	14	28	39	35	54	26	26	26	23	ENSG00000273749.4	CYFIP1
chr15:22874645-22875198	N_w	63	52	45	53	75	27	60	64	63	48	91	49	26	97	99	129	178	88	134	97	106	50	86	69	74	44	38	64	15	31	12	20	33	11	26	24	35	25	48	50	38	32	47	51	56	67	54	43	32	36	ENSG00000273749.4	CYFIP1
chr15:22875272-22879912	N_w	84	42	39	61	82	26	44	41	47	61	88	45	17	94	108	89	159	92	112	101	107	41	45	34	60	32	24	37	10	21	11	26	48	4	32	26	53	27	44	65	39	20	62	50	45	95	30	35	51	34	ENSG00000273749.4	CYFIP1
chr15:22880044-22881845	N_w	84	48	50	58	99	17	53	58	69	56	93	60	41	112	132	116	138	108	136	103	79	62	71	31	60	56	34	52	8	10	9	23	40	8	26	11	49	31	47	50	43	23	20	74	52	82	44	44	26	29	ENSG00000273749.4	CYFIP1
chr15:22881937-22882867	N_w	45	36	31	47	41	13	52	36	54	42	61	45	24	88	101	84	117	73	84	87	76	29	40	30	48	35	24	33	12	9	7	16	15	4	20	6	34	24	34	40	27	13	29	50	33	68	36	30	28	29	ENSG00000273749.4	CYFIP1
chr15:22882021-22882867	N_w	2	0	0	0	1	0	0	1	2	1	0	0	0	0	1	1	2	1	0	0	0	0	0	0	0	0	0	0	0	0	0	0	0	0	0	0	0	0	0	0	0	0	0	0	0	1	0	0	0	0	ENSG00000273749.4	CYFIP1
chr15:22883012-22892889	N_w	65	24	20	49	42	24	51	37	43	58	71	50	28	87	106	74	117	93	95	92	101	45	39	31	53	42	21	44	13	18	7	12	27	6	22	14	24	15	40	66	31	9	52	49	38	83	30	39	42	36	ENSG00000273749.4	CYFIP1
chr15:22892978-22903705	N_w	87	53	42	47	60	23	54	62	64	66	72	53	22	96	149	123	202	102	85	126	127	70	98	59	98	57	32	47	11	18	9	13	32	10	37	7	46	20	53	47	49	17	54	74	41	97	43	42	48	30	ENSG00000273749.4	CYFIP1
chr15:22903906-22909193	N_w	53	26	24	41	69	23	40	48	44	50	59	44	20	89	91	100	171	65	126	57	90	52	47	43	46	26	12	14	6	11	2	10	18	2	25	8	71	14	52	48	27	12	40	52	38	86	20	38	34	31	ENSG00000273749.4	CYFIP1
chr15:22909314-22910519	N_w	57	29	21	42	44	33	47	49	60	49	79	31	12	94	73	90	147	79	119	78	110	44	56	30	47	32	11	30	15	15	9	5	28	3	16	6	48	21	37	55	27	13	45	61	38	95	34	22	39	21	ENSG00000273749.4	CYFIP1
chr15:22910629-22910736	N_w	63	20	33	33	50	17	42	54	55	38	48	22	27	76	67	82	181	85	114	77	72	42	50	30	52	27	13	28	22	17	4	8	12	5	21	10	44	15	34	40	28	15	67	45	32	79	42	20	36	36	ENSG00000273749.4	CYFIP1
chr15:22910814-22912178	N_w	69	33	23	54	52	33	43	45	75	42	90	44	21	109	110	97	192	109	145	85	100	70	51	30	68	33	19	29	14	11	4	9	24	0	28	1	26	34	25	41	29	16	54	55	46	87	41	34	37	29	ENSG00000273749.4	CYFIP1
chr15:22910814-22914725	N_w	1	0	0	0	0	0	0	1	1	0	0	0	0	1	0	1	1	0	3	0	0	0	0	0	0	0	0	0	0	0	0	0	0	0	0	0	0	0	0	0	0	0	0	0	1	0	0	0	0	0	ENSG00000273749.4	CYFIP1
chr15:22912276-22914725	N_w	41	13	19	32	43	26	41	27	31	35	41	24	22	79	71	81	117	59	95	57	97	41	23	19	39	19	10	17	6	1	3	5	12	0	10	2	11	20	21	37	20	2	26	53	21	63	19	18	17	16	ENSG00000273749.4	CYFIP1
chr15:22914883-22916476	N_w	40	13	17	19	31	15	38	16	31	36	40	22	8	39	64	72	122	72	102	40	73	28	26	17	26	13	7	15	10	5	4	4	11	2	8	0	7	21	17	39	14	4	27	34	23	49	16	15	22	7	ENSG00000273749.4	CYFIP1
chr15:22914883-22916881	N_w	1	0	0	4	4	2	3	6	2	7	6	4	4	3	0	0	3	4	7	0	15	7	10	1	8	3	0	0	0	0	0	0	0	0	0	0	0	0	0	0	1	0	1	4	2	8	4	0	0	0	ENSG00000273749.4	CYFIP1
chr15:22916631-22916881	N_w	1	0	1	1	0	1	1	2	0	1	0	2	0	3	0	0	1	1	3	5	8	2	0	0	1	0	1	3	0	3	0	0	1	0	0	0	0	0	0	0	0	0	1	2	1	2	2	0	0	1	ENSG00000273749.4	CYFIP1
chr15:22916631-22917787	N_w	15	15	10	18	27	7	21	12	8	15	24	10	10	31	70	53	48	40	55	24	31	14	8	4	14	8	1	9	4	1	2	1	6	0	5	0	3	4	11	12	6	6	9	16	6	17	8	8	4	4	ENSG00000273749.4	CYFIP1
chr15:22917030-22917787	N_w	2	0	2	2	2	0	5	5	2	1	3	4	2	2	0	0	1	0	4	7	6	5	6	1	6	1	1	0	0	0	0	0	0	0	0	0	0	0	0	0	0	0	0	2	2	0	2	0	0	0	ENSG00000273749.4	CYFIP1
chr15:22917936-22918691	N_w	46	17	13	40	55	15	34	17	36	43	55	16	14	72	105	74	112	69	89	44	82	50	33	22	41	16	0	12	5	3	6	3	7	1	12	0	8	9	17	29	11	4	28	39	20	59	20	26	15	17	ENSG00000273749.4	CYFIP1
chr15:22918859-22925981	N_w	22	9	6	24	30	10	26	14	19	22	37	11	6	39	64	29	67	41	54	29	62	24	10	5	22	6	3	5	0	3	3	3	7	0	8	0	0	3	11	14	12	3	18	24	22	41	9	9	4	9	ENSG00000273749.4	CYFIP1
chr15:22926108-22927905	N_w	11	13	11	18	27	1	15	6	20	20	10	10	6	16	53	45	78	45	30	26	56	24	13	9	23	5	4	11	0	4	2	1	1	0	3	0	5	6	4	5	11	1	1	17	13	39	10	4	2	4	ENSG00000273749.4	CYFIP1
chr15:22928029-22932222	N_w	24	6	8	20	19	1	17	10	19	15	15	11	4	31	42	22	36	36	30	27	27	21	15	3	18	3	1	9	2	0	1	1	2	0	4	0	7	10	7	4	8	0	6	14	5	23	17	8	3	2	ENSG00000273749.4	CYFIP1
chr15:22928029-22933801	N_w	0	0	0	0	1	0	0	0	0	0	0	0	0	3	0	0	1	0	1	0	1	0	0	0	0	2	0	1	1	0	0	0	0	0	0	0	0	0	0	0	0	0	0	0	0	1	0	0	0	0	ENSG00000273749.4	CYFIP1
chr15:22932341-22933801	N_w	52	21	16	27	35	29	60	35	50	41	65	18	10	70	85	72	150	87	111	44	111	66	42	23	46	15	7	19	9	5	5	2	11	1	10	2	10	15	25	44	17	9	39	42	25	103	34	24	21	26	ENSG00000273749.4	CYFIP1
chr15:22933894-22937103	N_w	47	14	25	23	19	38	47	30	34	34	69	21	15	71	97	70	144	84	110	55	105	60	35	21	54	19	3	18	10	2	2	1	7	0	13	0	2	19	28	30	19	9	40	52	21	63	32	15	25	24	ENSG00000273749.4	CYFIP1
chr15:22937209-22939191	N_w	39	6	9	21	29	10	33	14	24	24	45	11	9	40	68	54	92	62	78	38	70	48	20	9	24	9	0	9	4	1	1	1	7	0	8	1	13	9	8	26	11	3	17	24	21	45	12	7	8	15	ENSG00000273749.4	CYFIP1
chr15:22939321-22939410	N_w	26	7	7	19	18	13	29	19	25	22	48	9	10	58	66	54	70	50	68	37	62	56	16	10	37	3	1	7	4	2	2	5	5	0	1	0	4	8	4	29	13	4	11	25	9	47	19	8	5	8	ENSG00000273749.4	CYFIP1
chr15:22939508-22943172	N_w	44	9	13	32	42	22	83	34	41	40	60	15	5	83	94	116	187	76	103	44	106	60	38	9	45	16	2	11	9	9	3	1	9	0	9	2	5	16	25	52	18	11	41	37	16	107	30	19	29	20	ENSG00000273749.4	CYFIP1
chr15:22943355-22944557	N_w	33	10	10	31	22	23	39	13	23	19	37	7	15	48	86	43	118	56	79	23	82	44	24	12	30	14	3	14	9	5	1	1	2	0	10	0	13	6	8	20	12	2	31	29	12	50	18	6	20	14	ENSG00000273749.4	CYFIP1
chr15:22944660-22944861	N_w	59	10	20	38	37	21	36	19	40	47	49	17	19	65	99	84	177	103	137	45	114	56	46	18	41	11	4	10	9	1	3	3	7	0	14	0	20	18	13	50	16	9	44	49	21	62	34	13	18	23	ENSG00000273749.4	CYFIP1
chr15:22944940-22947002	N_w	23	3	4	15	15	9	24	12	19	20	29	7	1	22	41	40	83	38	42	18	47	36	13	6	14	4	3	10	2	0	0	0	4	0	4	0	6	2	2	9	8	0	15	20	3	34	6	5	3	9	ENSG00000273749.4	CYFIP1
chr15:22944940-22947168	N_w	1	0	1	0	2	0	0	1	0	3	0	0	0	0	1	1	1	0	0	1	2	0	0	0	1	0	0	0	0	0	0	0	0	0	0	0	0	0	0	0	0	0	0	0	0	0	0	0	0	0	ENSG00000273749.4	CYFIP1
chr15:22947093-22947168	N_w	31	9	5	26	25	1	18	8	35	18	23	7	3	13	69	65	162	41	44	33	81	39	24	15	31	7	4	10	3	0	2	0	7	1	6	0	14	15	11	7	8	3	12	19	19	68	10	10	8	5	ENSG00000273749.4	CYFIP1
chr15:22947292-22980286	N_w	4	2	0	9	5	0	1	0	4	6	3	1	0	2	14	6	17	4	7	5	13	3	3	0	6	1	1	0	0	0	2	0	0	0	3	0	0	3	0	0	4	1	0	4	2	12	5	5	0	0	ENSG00000273749.4	CYFIP1
chr15:22947319-22980286	N_w	0	0	0	0	3	0	0	0	0	1	0	0	0	1	0	0	1	1	2	1	0	0	0	0	0	0	0	0	0	0	0	0	0	0	1	0	0	3	0	0	0	0	0	0	0	0	0	0	0	1	ENSG00000273749.4	CYFIP1
