junction	type	ERR2598056	ERR2598057	ERR2598077	ERR2598078	ERR2598079	ERR2598080	ERR2598092	ERR2598093	ERR2598094	ERR2598109	ERR2598110	ERR2598111	ERR2598125	ERR2598126	ERR2598169	ERR2598171	ERR2598184	ERR2598185	ERR2598195	ERR2598196	ERR2598197	ERR2598198	ERR2598213	ERR2598214	ERR2598235	ERR2598236	ERR2598237	ERR2598238	ERR2598256	ERR2598257	ERR2598271	ERR2598272	ERR2598273	ERR2598274	ERR2598282	ERR2598283	ERR2598330	ERR2598332	ERR2598340	ERR2598341	ERR2598352	ERR2598353	ERR2598354	ERR2598355	ERR2598356	ERR2598127	ERR2598170	ERR2598212	ERR2598308	ERR2598309	ERR2598331	geneID	geneName
chr5:157266196-157285338	N_w	6	18	4	1	9	4	17	12	0	8	2	7	5	11	1	8	9	3	9	10	7	15	15	5	0	2	5	6	0	4	5	22	22	3	1	2	2	13	2	2	15	26	9	7	40	5	5	2	9	11	12	ENSG00000055163.19	CYFIP2
chr5:157266196-157285343	N_w	0	0	0	0	0	0	2	0	1	0	0	0	0	0	0	0	1	0	0	0	0	0	1	0	0	0	0	0	0	0	0	0	1	1	0	0	0	1	0	0	0	0	0	0	1	0	0	0	0	1	1	ENSG00000055163.19	CYFIP2
chr5:157266585-157285338	N_w	1	19	2	1	13	1	9	6	3	2	0	5	2	3	0	3	3	1	4	1	0	1	2	2	0	3	5	2	1	4	4	13	12	1	1	8	4	7	2	6	5	8	7	2	21	2	2	2	2	14	5	ENSG00000055163.19	CYFIP2
chr5:157266585-157285343	N_w	0	1	0	0	0	0	0	0	0	0	0	0	1	0	0	0	0	0	1	0	1	0	0	0	0	0	0	0	0	0	0	0	2	0	0	0	0	1	1	1	1	0	0	0	0	0	0	0	0	2	1	ENSG00000055163.19	CYFIP2
chr5:157269584-157285338	N_w	0	0	0	0	0	0	0	0	1	2	0	0	0	0	0	0	0	0	0	0	0	0	0	1	0	0	0	0	0	0	0	1	0	0	0	1	0	1	1	0	1	2	0	0	0	0	0	0	0	0	0	ENSG00000055163.19	CYFIP2
chr5:157285479-157287018	N_w	113	248	50	35	175	61	322	188	71	88	54	56	70	138	15	72	64	63	58	56	92	109	151	145	8	41	49	84	4	76	51	372	298	177	19	157	74	161	64	88	206	379	86	55	363	60	48	12	102	270	116	ENSG00000055163.19	CYFIP2
chr5:157287109-157288611	N_w	1	0	0	0	0	0	2	0	0	0	1	0	0	0	0	0	0	0	0	0	1	0	0	1	0	0	0	1	0	0	0	1	0	0	0	0	0	0	0	0	0	0	2	0	1	0	0	0	0	0	0	ENSG00000055163.19	CYFIP2
chr5:157287109-157294782	N_w	39	74	13	9	55	19	79	63	16	36	23	25	36	51	3	26	24	24	20	24	38	31	53	66	6	8	13	22	4	31	21	110	99	49	2	57	19	86	15	59	66	142	41	23	125	28	16	16	48	114	42	ENSG00000055163.19	CYFIP2
chr5:157287109-157296672	N_w	0	1	0	1	4	0	2	0	0	0	0	1	0	0	1	0	1	0	0	0	2	0	0	0	0	0	0	0	0	0	0	5	3	3	0	0	1	1	0	0	0	1	0	0	1	0	0	0	0	2	1	ENSG00000055163.19	CYFIP2
chr5:157288660-157294782	N_w	0	0	0	0	1	0	1	1	0	0	1	0	0	0	0	0	0	0	1	0	1	0	0	0	0	0	0	1	0	0	0	2	0	0	0	0	0	0	0	2	0	1	0	0	0	0	0	0	0	0	0	ENSG00000055163.19	CYFIP2
chr5:157294861-157296672	N_w	119	271	47	45	211	83	395	181	110	73	73	82	74	180	21	71	66	65	47	88	114	115	175	174	8	50	49	104	5	89	56	357	306	222	18	206	83	147	54	109	226	343	116	46	391	74	44	30	141	254	146	ENSG00000055163.19	CYFIP2
chr5:157296775-157300714	N_w	45	82	36	22	102	29	70	62	25	48	27	25	29	46	6	13	38	31	27	42	41	44	52	95	4	36	19	66	9	35	25	81	46	58	4	49	20	20	14	49	66	55	26	28	103	39	19	20	33	44	50	ENSG00000055163.19	CYFIP2
chr5:157296775-157307760	N_w	0	0	1	0	1	0	0	0	0	1	0	0	0	0	0	1	0	0	0	0	1	0	0	0	0	0	0	0	0	1	0	2	3	1	0	1	0	0	0	0	0	0	0	0	2	1	0	0	0	1	0	ENSG00000055163.19	CYFIP2
chr5:157300897-157302793	N_w	60	138	34	31	98	52	151	100	50	55	34	48	45	76	20	27	33	32	33	37	66	38	98	107	10	44	36	72	12	46	32	207	157	113	7	105	49	79	35	74	138	186	61	42	224	64	25	25	72	115	75	ENSG00000055163.19	CYFIP2
chr5:157302891-157304237	N_w	109	175	65	59	239	79	271	176	99	83	65	66	64	109	37	35	94	70	59	74	133	116	174	164	13	50	58	98	13	98	73	210	146	168	12	181	85	71	54	113	209	146	70	73	213	71	60	35	85	77	116	ENSG00000055163.19	CYFIP2
chr5:157304367-157307760	N_w	109	141	56	40	159	59	254	147	82	70	54	57	68	113	22	40	58	55	37	50	89	80	153	172	12	58	55	80	10	61	58	246	205	160	7	140	79	76	43	115	156	187	59	57	234	31	32	19	101	163	120	ENSG00000055163.19	CYFIP2
chr5:157307866-157309742	N_w	38	100	30	26	110	49	105	102	58	42	32	35	47	52	17	24	42	39	39	37	46	31	74	93	7	33	42	45	7	63	30	128	104	96	8	93	34	73	37	62	86	103	44	33	154	22	20	16	45	78	70	ENSG00000055163.19	CYFIP2
chr5:157307866-157309745	N_w	1	0	0	1	1	1	0	1	0	1	1	0	0	1	0	0	0	0	1	0	0	1	0	0	0	1	0	0	0	0	0	1	5	1	0	1	0	2	0	2	1	1	0	0	3	0	1	0	0	0	1	ENSG00000055163.19	CYFIP2
chr5:157309835-157311663	N_w	45	108	34	34	98	48	235	117	52	54	45	42	42	122	22	35	39	34	39	44	40	58	93	89	6	46	41	46	5	55	38	209	206	131	3	129	48	121	33	59	116	208	46	42	266	29	25	12	75	169	77	ENSG00000055163.19	CYFIP2
chr5:157311782-157314343	N_w	77	121	41	38	113	51	138	88	16	41	30	33	55	62	8	19	39	39	30	46	45	50	91	83	5	38	43	60	10	63	41	143	129	73	13	88	48	69	30	65	122	108	41	44	161	36	33	15	48	83	98	ENSG00000055163.19	CYFIP2
chr5:157314464-157314968	N_w	62	118	34	34	103	36	188	65	31	49	32	34	52	120	8	31	29	31	37	46	42	53	100	85	11	26	39	45	11	48	31	207	192	85	12	77	39	172	30	61	125	181	53	36	208	34	23	19	48	200	65	ENSG00000055163.19	CYFIP2
chr5:157315095-157319761	N_w	61	124	45	34	135	76	134	130	68	71	44	50	49	88	16	31	57	47	36	44	59	43	103	136	10	50	59	62	8	58	73	284	213	171	30	128	69	112	58	94	161	222	65	60	322	53	29	28	95	148	110	ENSG00000055163.19	CYFIP2
chr5:157319929-157320654	N_w	79	109	45	38	112	56	195	61	19	67	28	67	51	68	7	37	53	31	37	41	61	29	120	74	10	51	51	82	12	58	53	202	190	92	21	116	47	108	47	78	140	206	59	44	195	49	30	29	51	123	91	ENSG00000055163.19	CYFIP2
chr5:157320803-157322941	N_w	0	0	0	1	2	0	3	1	0	1	0	1	0	2	0	1	0	0	0	0	0	0	0	0	0	1	0	1	0	0	4	23	9	5	1	8	2	1	1	3	7	16	5	7	11	1	0	0	10	4	1	ENSG00000055163.19	CYFIP2
chr5:157320803-157323920	N_w	68	127	59	64	134	107	166	141	64	73	46	72	73	85	19	39	58	62	67	51	68	55	102	101	14	49	74	91	12	93	71	222	167	161	14	135	55	78	47	79	153	214	66	76	230	68	44	36	68	144	112	ENSG00000055163.19	CYFIP2
chr5:157323017-157323920	N_w	1	1	4	0	1	0	1	0	0	0	0	1	0	1	0	0	0	0	0	0	0	1	1	0	0	0	1	0	0	1	5	9	5	2	3	5	2	2	0	1	7	8	2	7	13	4	0	1	5	4	5	ENSG00000055163.19	CYFIP2
chr5:157324075-157324770	N_w	0	0	0	0	0	0	0	0	0	0	0	0	1	0	0	0	0	0	1	0	1	0	1	0	0	0	0	2	0	0	0	0	0	1	0	1	0	0	0	0	0	2	0	0	0	0	1	0	0	0	0	ENSG00000055163.19	CYFIP2
chr5:157324075-157325481	N_w	72	130	37	38	136	86	173	138	83	65	62	75	66	85	20	28	43	68	47	58	68	50	111	110	8	36	71	63	6	77	77	229	187	159	25	139	71	101	60	98	163	187	81	70	225	58	34	35	88	105	109	ENSG00000055163.19	CYFIP2
chr5:157324075-157325484	N_w	1	1	0	0	0	0	1	1	2	0	1	0	0	1	0	0	0	0	1	0	0	0	0	0	0	0	0	1	0	0	0	1	1	0	0	0	0	1	0	1	0	0	1	0	1	0	0	0	0	1	0	ENSG00000055163.19	CYFIP2
chr5:157325639-157326170	N_w	131	189	77	64	194	120	304	205	136	124	69	100	79	170	30	47	57	88	68	70	91	92	165	168	23	83	76	93	20	94	113	358	265	303	46	267	102	112	87	140	265	383	107	82	430	97	47	62	151	187	148	ENSG00000055163.19	CYFIP2
chr5:157326268-157327972	N_w	27	52	0	30	78	40	0	0	36	45	32	20	34	40	7	9	17	24	18	30	31	29	0	67	9	35	25	0	10	31	23	60	0	40	7	56	22	17	27	57	0	44	24	29	84	25	21	22	21	0	32	ENSG00000055163.19	CYFIP2
chr5:157328050-157330741	N_w	88	205	46	99	173	94	277	161	101	100	79	79	83	171	35	61	62	68	43	67	105	86	153	179	25	80	73	76	15	68	104	497	394	270	49	203	96	206	103	107	257	457	126	93	522	51	34	49	137	371	150	ENSG00000055163.19	CYFIP2
chr5:157330851-157333326	N_w	110	204	47	97	203	112	287	184	116	100	58	75	98	207	33	62	57	74	48	71	86	112	150	149	28	74	95	118	21	95	121	504	355	278	42	209	107	156	77	112	232	436	111	96	484	65	54	45	146	283	150	ENSG00000055163.19	CYFIP2
chr5:157333447-157339056	N_w	68	127	63	61	159	83	132	110	56	79	35	64	58	81	19	26	42	51	45	49	53	62	113	105	23	53	58	76	18	63	56	202	172	155	29	140	71	50	60	108	159	188	74	71	276	61	44	32	79	147	97	ENSG00000055163.19	CYFIP2
chr5:157333447-157359004	N_w	0	1	0	0	0	0	1	0	0	0	0	0	0	0	0	0	0	0	0	0	0	0	0	0	0	0	0	0	0	0	0	1	1	0	0	0	1	0	0	0	1	3	0	0	1	0	0	0	1	3	0	ENSG00000055163.19	CYFIP2
chr5:157339257-157341069	N_w	111	216	74	133	216	151	416	226	134	111	89	104	123	260	38	83	66	96	74	75	84	115	181	181	29	70	103	116	22	111	144	778	634	330	101	273	123	403	94	142	319	872	170	116	793	92	58	70	200	754	201	ENSG00000055163.19	CYFIP2
chr5:157341158-157359004	N_w	232	335	104	212	270	170	677	319	178	206	118	175	170	454	45	124	100	121	79	104	189	135	309	261	58	121	148	186	52	145	196	1153	925	630	176	448	259	353	200	243	475	1082	226	177	1130	99	86	116	289	799	350	ENSG00000055163.19	CYFIP2
chr5:157359149-157360281	N_w	66	134	81	103	172	105	198	147	107	95	79	106	94	148	31	47	59	75	69	49	72	60	112	121	38	85	118	122	31	94	114	596	450	325	90	238	145	188	120	147	245	517	134	126	547	76	60	78	153	350	172	ENSG00000055163.19	CYFIP2
chr5:157359149-157382589	N_w	0	1	1	0	0	1	0	3	0	1	0	0	0	0	0	0	0	0	0	0	0	0	0	0	0	0	0	0	1	0	0	0	1	1	1	1	0	0	0	0	0	2	0	0	1	0	0	0	0	0	0	ENSG00000055163.19	CYFIP2
chr5:157360373-157360554	N_w	0	0	3	1	0	0	0	1	1	0	0	0	0	0	0	0	0	0	0	0	0	0	1	0	0	0	0	1	0	0	0	0	0	0	0	1	0	0	0	0	0	1	0	0	1	0	0	0	0	0	0	ENSG00000055163.19	CYFIP2
chr5:157360373-157361467	N_w	175	280	124	227	264	155	494	289	190	185	112	131	156	367	52	80	83	121	100	119	131	158	253	205	62	117	133	173	39	136	223	862	644	495	151	369	227	315	201	227	369	683	198	160	771	133	81	135	228	490	267	ENSG00000055163.19	CYFIP2
chr5:157360623-157361467	N_w	1	3	1	1	0	0	0	0	1	0	1	1	0	1	0	0	0	1	1	0	0	0	1	2	0	1	1	3	1	0	0	0	0	0	0	0	0	0	0	0	0	1	0	0	3	3	0	1	0	0	0	ENSG00000055163.19	CYFIP2
chr5:157361599-157382589	N_w	111	166	74	140	193	110	275	156	97	85	75	104	91	186	40	39	53	73	54	76	87	96	128	145	37	71	112	125	34	95	131	602	429	331	161	252	150	178	150	143	282	493	133	96	566	94	57	65	151	347	194	ENSG00000055163.19	CYFIP2
chr5:157382663-157383264	N_w	73	128	61	114	161	80	130	114	73	88	57	73	64	84	21	29	50	89	54	51	45	66	71	129	32	61	96	122	34	86	90	227	207	173	69	162	96	88	104	130	164	167	86	69	308	80	44	77	77	129	88	ENSG00000055163.19	CYFIP2
chr5:157383360-157389188	N_w	56	97	54	113	129	78	110	64	16	102	34	75	84	78	8	28	49	40	49	33	52	43	76	68	36	54	82	95	37	72	103	261	198	111	88	165	95	40	93	96	178	210	77	98	325	84	33	69	83	93	111	ENSG00000055163.19	CYFIP2
chr5:157389428-157390520	N_w	23	78	40	69	123	63	89	57	16	72	22	44	61	89	6	16	28	21	25	43	47	27	78	46	30	37	39	70	25	44	57	83	66	46	43	53	33	42	46	97	71	71	48	40	104	61	23	50	29	76	47	ENSG00000055163.19	CYFIP2
chr5:157389428-157392832	N_w	0	1	0	0	0	0	0	1	0	2	0	2	2	1	1	1	2	0	0	0	2	1	0	1	1	2	0	0	0	2	0	2	5	0	4	3	0	0	1	0	1	1	2	2	2	0	0	0	2	2	2	ENSG00000055163.19	CYFIP2
chr5:157390669-157391782	N_w	2	0	0	1	0	5	0	2	1	1	0	1	1	1	0	0	0	2	0	0	0	0	0	1	0	0	4	1	0	0	0	5	5	3	1	1	0	1	3	0	2	0	2	1	2	0	0	3	1	0	0	ENSG00000055163.19	CYFIP2
chr5:157390669-157392832	N_w	69	120	67	128	158	87	170	115	53	99	50	75	102	131	14	33	50	61	50	46	70	54	99	130	33	64	79	110	38	74	108	399	259	202	184	169	114	112	134	130	201	354	110	79	394	88	45	79	86	266	123	ENSG00000055163.19	CYFIP2
chr5:157391817-157392832	N_w	4	0	1	1	1	2	0	0	0	0	0	2	1	0	0	0	0	0	0	1	1	0	1	3	1	0	5	1	1	0	1	1	1	0	0	2	0	0	1	1	2	1	0	0	4	0	0	4	0	2	0	ENSG00000055163.19	CYFIP2
chr2:182925819-182926815	N_w	31	65	48	80	78	45	64	94	61	73	62	42	74	98	36	46	33	74	54	38	69	42	62	95	23	70	72	83	31	44	53	238	163	85	21	92	71	18	64	68	91	162	74	47	223	35	52	60	51	106	80	ENSG00000061676.14	NCKAP1
chr2:182926906-182928116	N_w	160	293	154	263	397	271	458	315	238	246	174	146	260	303	176	168	191	239	189	166	285	227	297	309	84	144	222	239	74	190	164	572	445	294	97	385	175	104	192	230	231	443	209	131	524	126	205	198	126	290	273	ENSG00000061676.14	NCKAP1
chr2:182928227-182928782	N_w	96	234	98	131	232	189	408	179	153	173	145	85	163	292	122	88	126	183	129	94	144	183	193	171	58	99	123	159	29	91	88	390	244	179	42	217	103	107	98	147	171	302	138	85	314	108	153	109	86	196	136	ENSG00000061676.14	NCKAP1
chr2:182928900-182930694	N_w	132	242	149	178	295	146	265	235	148	181	138	121	166	184	131	117	150	166	139	122	198	169	219	218	65	136	148	190	61	143	153	504	331	261	45	299	154	99	138	184	281	363	185	126	504	113	153	145	135	239	204	ENSG00000061676.14	NCKAP1
chr2:182930789-182934751	N_w	85	168	79	109	212	81	201	165	102	128	107	91	101	118	95	96	111	102	78	85	128	108	139	162	35	73	90	154	38	68	97	347	217	175	35	202	100	73	96	130	154	287	104	92	301	73	109	102	104	197	140	ENSG00000061676.14	NCKAP1
chr2:182930789-182942069	N_w	0	1	1	0	0	0	0	2	0	0	0	0	0	0	0	1	1	0	0	0	2	0	1	1	0	2	1	2	0	3	0	1	2	1	0	0	0	0	0	0	1	0	0	0	0	1	1	0	0	0	0	ENSG00000061676.14	NCKAP1
chr2:182934833-182935264	N_w	2	0	0	0	0	0	0	1	0	0	0	0	2	0	0	0	0	0	0	0	1	1	0	0	0	0	0	3	0	0	1	2	0	3	0	0	2	0	0	1	0	2	0	1	0	0	0	1	2	0	0	ENSG00000061676.14	NCKAP1
chr2:182934833-182935292	N_w	105	142	83	97	229	88	164	117	95	106	113	70	106	144	68	91	79	100	79	88	150	111	139	182	44	103	90	191	33	94	98	478	196	207	26	159	114	68	118	129	123	250	92	108	277	93	92	99	74	152	163	ENSG00000061676.14	NCKAP1
chr2:182935376-182942069	N_w	188	400	136	197	358	236	433	364	237	262	228	149	218	302	164	210	209	230	164	201	321	277	353	366	56	126	155	182	53	143	145	538	388	330	36	382	195	119	130	252	309	403	207	116	530	119	206	127	193	276	252	ENSG00000061676.14	NCKAP1
chr2:182935376-182952404	N_w	0	0	0	0	0	0	0	0	0	0	0	0	0	0	0	0	0	1	0	0	0	0	0	0	1	0	0	1	1	0	0	2	0	1	0	2	1	0	0	0	0	0	0	0	0	0	0	0	0	0	0	ENSG00000061676.14	NCKAP1
chr2:182942164-182952404	N_w	118	164	80	104	224	92	478	145	133	162	151	101	139	409	110	77	105	113	85	168	260	101	238	221	35	115	76	126	26	72	68	288	216	156	21	203	108	98	75	133	102	278	79	83	285	65	104	68	97	191	150	ENSG00000061676.14	NCKAP1
chr2:182952503-182952792	N_w	133	228	91	133	280	137	225	215	148	148	150	124	182	217	134	182	167	140	101	124	209	182	226	281	41	100	132	136	36	96	78	434	295	207	20	263	91	174	109	185	163	381	107	65	446	46	123	83	113	266	154	ENSG00000061676.14	NCKAP1
chr2:182952924-182953112	N_w	118	244	92	101	260	162	252	251	149	155	141	103	148	209	143	117	142	139	116	144	214	160	265	238	41	98	148	146	33	122	73	350	275	232	11	238	109	71	82	164	188	275	122	84	372	71	161	98	100	182	155	ENSG00000061676.14	NCKAP1
chr2:182952924-182953258	N_w	0	0	0	0	0	0	0	1	0	0	1	0	0	0	0	1	0	0	1	0	0	0	0	1	0	0	0	0	0	0	0	0	0	3	0	0	0	0	0	0	0	0	0	0	1	0	0	0	0	1	1	ENSG00000061676.14	NCKAP1
chr2:182953332-182956461	N_w	153	286	97	81	237	133	556	263	156	130	129	120	169	321	138	258	135	134	101	118	229	213	284	226	24	83	121	154	28	106	92	670	464	274	14	258	131	227	88	143	211	537	174	78	608	90	144	66	138	422	240	ENSG00000061676.14	NCKAP1
chr2:182956594-182957456	N_w	89	183	81	80	245	109	377	182	125	121	122	73	113	153	96	116	105	97	76	74	153	112	194	198	24	67	103	88	23	84	45	293	188	161	5	169	77	76	72	109	117	221	89	57	259	85	119	54	82	126	120	ENSG00000061676.14	NCKAP1
chr2:182957597-182962158	N_w	82	173	82	69	220	70	180	184	118	107	100	96	93	118	80	95	137	79	83	110	162	113	166	233	16	71	74	91	19	66	63	210	155	145	7	172	73	48	71	114	158	160	86	63	196	69	104	49	81	90	133	ENSG00000061676.14	NCKAP1
chr2:182962279-182964675	N_w	107	243	70	60	254	99	298	215	132	113	86	92	116	187	93	144	130	101	77	114	154	149	212	223	15	60	76	103	17	68	47	351	258	177	2	198	66	78	52	117	148	299	106	50	324	61	87	42	93	229	132	ENSG00000061676.14	NCKAP1
chr2:182962279-182976892	N_w	0	1	0	1	1	1	0	1	1	0	1	1	1	1	0	0	2	0	0	0	0	1	3	0	0	0	0	0	0	0	0	1	0	0	0	0	0	0	0	0	1	0	0	0	0	1	0	0	0	0	0	ENSG00000061676.14	NCKAP1
chr2:182964809-182967215	N_w	117	264	87	62	246	101	182	219	125	124	150	108	108	121	95	131	137	93	88	121	175	165	216	262	17	82	84	116	22	107	67	302	203	145	8	182	79	76	56	137	134	220	92	59	290	38	97	49	90	123	124	ENSG00000061676.14	NCKAP1
chr2:182967362-182976892	N_w	106	166	67	51	189	72	257	194	135	86	109	52	71	125	68	80	135	59	51	112	196	123	152	228	14	58	46	55	19	58	44	162	147	122	2	127	54	26	32	94	130	157	59	50	149	45	71	20	71	115	128	ENSG00000061676.14	NCKAP1
chr2:182976952-182978833	N_w	88	128	62	48	247	59	162	182	128	92	98	41	87	76	56	53	109	64	48	90	142	104	134	261	19	59	65	70	22	41	36	111	95	84	1	80	30	25	34	105	86	92	51	28	102	36	74	22	42	60	80	ENSG00000061676.14	NCKAP1
chr2:182978916-182981243	N_w	86	199	68	42	225	101	204	193	102	107	100	83	85	88	89	103	124	81	82	84	156	142	176	197	21	53	87	73	12	75	61	220	176	178	10	171	63	50	39	92	160	208	60	66	269	52	104	29	69	128	102	ENSG00000061676.14	NCKAP1
chr2:182981377-182982820	N_w	150	278	76	39	251	125	454	324	176	160	136	99	117	217	100	242	156	133	74	125	236	236	281	324	14	69	86	91	20	100	68	408	331	229	5	202	79	123	49	154	190	330	120	61	382	60	130	42	116	249	187	ENSG00000061676.14	NCKAP1
chr2:182982928-182983285	N_w	75	142	58	14	133	60	166	134	73	84	77	58	63	71	51	78	78	56	58	67	133	106	129	172	4	30	42	53	5	35	33	89	93	96	2	94	24	35	22	86	79	79	55	32	111	42	77	15	35	33	68	ENSG00000061676.14	NCKAP1
chr2:182983383-182986170	N_w	65	118	24	20	156	54	164	137	99	43	65	39	54	74	56	66	77	56	47	53	99	85	121	151	5	34	21	39	6	29	28	146	94	76	2	86	26	39	21	78	89	102	49	25	122	37	58	11	52	68	65	ENSG00000061676.14	NCKAP1
chr2:182986228-182989029	N_w	132	205	49	24	248	86	200	206	136	80	111	62	88	97	82	113	139	81	55	92	168	150	161	262	7	27	31	56	6	51	37	209	149	117	5	119	33	54	39	118	101	142	69	36	182	66	99	15	67	99	100	ENSG00000061676.14	NCKAP1
chr2:182989187-182993222	N_w	0	0	0	0	2	0	0	1	2	0	0	0	0	0	0	2	0	0	0	1	0	1	0	0	0	0	0	0	0	1	0	0	0	0	0	1	0	0	0	0	0	1	0	0	0	0	1	0	0	1	0	ENSG00000061676.14	NCKAP1
chr2:182989187-182994838	N_w	98	296	51	35	212	101	310	216	164	95	120	100	95	136	95	148	134	120	61	120	169	177	232	234	9	51	77	47	12	69	61	226	173	174	10	179	63	74	53	109	156	229	111	51	261	49	117	32	90	132	115	ENSG00000061676.14	NCKAP1
chr2:182994888-182995700	N_w	112	247	63	43	240	88	247	211	141	90	109	84	83	97	90	154	144	80	78	108	223	142	211	250	13	60	89	58	11	82	48	198	173	149	10	161	51	69	32	108	122	156	100	40	183	56	92	32	71	88	117	ENSG00000061676.14	NCKAP1
chr2:182995839-183001952	N_w	94	155	68	30	154	39	227	153	87	72	69	33	50	77	50	73	84	54	50	76	138	122	152	155	11	47	55	64	10	75	29	149	109	98	2	97	31	67	24	52	86	120	52	36	164	54	66	16	52	80	74	ENSG00000061676.14	NCKAP1
chr2:183002044-183002126	N_w	75	107	62	23	130	23	186	118	76	45	60	31	23	63	30	101	74	38	37	66	105	70	108	140	7	64	85	68	8	86	23	183	144	111	8	83	40	60	22	24	104	191	41	23	191	38	29	22	58	140	90	ENSG00000061676.14	NCKAP1
chr2:183002044-183002973	N_w	0	0	0	0	0	0	1	0	0	0	0	0	0	1	0	1	0	0	1	1	1	0	2	0	0	0	2	0	0	0	0	0	4	0	0	0	0	0	0	0	0	0	0	0	0	0	0	0	0	0	0	ENSG00000061676.14	NCKAP1
chr2:183002270-183002973	N_w	62	141	44	14	156	58	61	96	77	60	73	22	47	66	54	83	64	51	50	59	110	118	64	150	0	23	35	40	13	43	19	131	83	61	1	54	28	38	11	48	52	94	26	19	115	11	41	13	28	76	49	ENSG00000061676.14	NCKAP1
chr2:183003031-183003232	N_w	51	95	50	14	136	30	51	87	75	35	60	25	47	27	28	49	60	37	53	43	81	76	65	140	5	28	30	52	7	41	12	49	34	36	0	46	15	10	2	60	35	33	35	18	58	17	40	21	20	25	48	ENSG00000061676.14	NCKAP1
chr2:183003320-183023805	N_w	13	32	16	6	23	10	29	21	7	11	13	9	8	23	0	13	15	17	32	64	54	63	82	133	6	18	23	24	9	9	8	33	18	23	1	26	9	9	3	5	12	20	8	8	32	4	5	7	13	21	10	ENSG00000061676.14	NCKAP1
chr2:183003326-183003731	N_w	0	0	0	0	0	0	1	2	0	0	0	0	1	0	0	0	0	0	0	1	0	1	1	2	0	0	0	0	0	0	0	1	0	1	0	1	0	1	0	1	2	3	1	0	0	0	0	0	1	0	0	ENSG00000061676.14	NCKAP1
chr2:183003326-183023805	N_w	56	114	30	11	114	43	116	124	64	59	47	40	41	36	44	91	78	39	15	49	109	60	65	79	2	22	33	23	5	44	26	105	91	62	3	77	30	30	26	67	55	72	49	20	97	22	53	4	50	41	75	ENSG00000061676.14	NCKAP1
chr2:183003812-183023805	N_w	0	0	0	1	0	1	1	0	0	0	0	0	0	0	0	0	0	0	0	0	0	1	0	0	0	0	0	0	0	0	0	2	0	1	0	2	2	0	1	0	1	2	0	0	0	0	0	0	0	0	0	ENSG00000061676.14	NCKAP1
chr2:183023917-183024977	N_w	16	40	9	2	35	10	55	35	5	13	19	14	14	31	2	5	4	9	16	11	5	8	33	28	1	4	8	8	1	15	16	128	119	55	7	54	26	37	12	13	59	133	21	12	147	5	3	3	39	90	63	ENSG00000061676.14	NCKAP1
chr2:183023917-183037991	N_w	15	60	20	2	38	11	67	55	12	10	23	16	12	25	10	79	43	12	25	34	60	42	51	41	2	14	14	9	4	16	2	11	15	9	2	8	2	18	3	5	13	31	5	3	50	21	24	4	3	27	17	ENSG00000061676.14	NCKAP1
chr2:183024996-183037991	N_w	16	50	11	3	37	9	60	35	5	13	18	13	15	36	1	5	2	7	15	11	6	9	33	24	2	4	9	9	1	13	17	134	119	58	7	49	24	34	11	14	61	132	20	11	150	4	2	2	40	89	55	ENSG00000061676.14	NCKAP1
chr17:49210842-49216530	N_w	1	1	0	2	2	0	7	1	0	1	1	0	1	2	2	2	4	1	1	0	2	0	1	1	0	1	1	1	0	1	1	1	0	1	0	0	0	0	0	0	2	1	0	0	1	1	4	0	2	0	0	ENSG00000108798.8	ABI3
chr17:49216699-49217738	N_w	0	5	0	2	2	0	1	1	0	3	1	1	2	1	0	3	2	0	0	0	1	0	1	0	0	0	0	1	0	0	0	0	0	0	0	2	0	0	0	0	0	1	0	0	0	1	1	1	0	1	1	ENSG00000108798.8	ABI3
chr17:49217916-49219539	N_w	0	3	1	1	4	1	2	1	0	2	0	0	4	4	1	0	3	1	1	0	2	0	0	2	0	0	0	0	0	0	1	0	0	2	3	5	4	2	1	0	1	2	2	1	2	2	4	1	1	3	0	ENSG00000108798.8	ABI3
chr17:49219626-49219857	N_w	1	2	0	0	5	0	0	0	0	1	2	1	1	2	1	5	4	1	0	1	4	1	2	1	1	1	0	2	0	0	1	3	1	1	0	1	0	2	0	3	1	2	2	0	1	1	4	0	2	0	1	ENSG00000108798.8	ABI3
chr17:49219954-49220168	N_w	0	1	1	1	0	0	2	0	0	0	0	2	1	1	0	2	2	0	0	0	2	0	0	0	0	0	1	0	0	1	0	0	0	0	0	0	0	0	0	1	0	1	1	0	0	2	3	0	0	0	0	ENSG00000108798.8	ABI3
chr17:49220327-49222090	N_w	0	4	1	1	2	0	5	0	0	1	0	2	1	2	0	3	6	0	0	0	2	1	0	0	1	0	1	1	3	1	0	3	1	1	0	0	0	0	0	0	3	2	1	0	7	1	2	0	0	0	1	ENSG00000108798.8	ABI3
chr17:49222226-49222551	N_w	1	3	0	0	3	0	2	1	0	1	1	1	0	2	3	2	6	2	1	0	4	2	3	1	1	0	0	2	0	0	0	0	3	1	2	2	1	0	0	0	1	3	2	1	7	1	2	1	0	2	0	ENSG00000108798.8	ABI3
chr12:110435218-110436109	N_w	115	223	120	307	161	149	432	204	121	147	127	115	170	256	172	211	139	166	147	118	230	187	202	184	140	155	148	198	117	110	120	646	433	277	282	243	168	80	163	80	169	542	141	104	527	209	190	256	117	439	192	ENSG00000111229.15	ARPC3
chr12:110436202-110436556	N_w	2	6	4	5	8	3	13	5	3	3	5	3	7	7	6	8	4	3	7	1	3	4	6	7	4	1	4	1	1	4	0	14	11	5	6	1	0	1	6	0	6	11	8	4	15	5	2	4	4	6	2	ENSG00000111229.15	ARPC3
chr12:110436205-110436556	N_w	161	339	138	478	276	215	647	372	197	232	239	182	219	392	215	343	185	251	195	216	373	307	299	312	166	166	241	260	160	138	182	927	539	410	318	409	272	103	232	109	290	612	181	160	524	195	243	348	195	511	324	ENSG00000111229.15	ARPC3
chr12:110436205-110436664	N_w	1	1	1	1	0	0	1	1	1	0	0	0	0	2	1	2	1	0	0	0	4	1	0	1	0	0	0	0	0	0	1	7	2	1	0	1	1	0	1	2	1	3	1	0	1	0	0	0	1	1	0	ENSG00000111229.15	ARPC3
chr12:110436205-110437083	N_w	0	0	0	1	1	0	0	0	0	1	0	0	0	0	0	14	0	0	5	0	4	1	2	7	3	5	1	2	0	0	0	0	0	0	1	0	0	0	0	0	0	0	1	0	37	0	3	1	0	7	0	ENSG00000111229.15	ARPC3
chr12:110436230-110436556	N_w	0	0	0	0	2	0	0	0	0	0	0	0	0	2	0	0	0	0	0	1	0	0	0	0	0	0	0	1	0	0	0	1	4	1	0	0	0	0	0	0	1	0	0	1	3	0	0	0	0	1	0	ENSG00000111229.15	ARPC3
chr12:110436684-110437083	N_w	161	307	176	499	282	212	463	354	199	244	224	164	244	326	230	304	224	287	208	208	334	273	284	378	195	221	272	357	175	154	140	714	390	279	166	317	200	85	218	134	245	451	162	119	361	135	258	381	157	373	236	ENSG00000111229.15	ARPC3
chr12:110437153-110440311	N_w	46	131	95	227	118	102	204	169	77	120	101	66	90	143	112	130	103	136	106	95	176	116	120	165	89	138	128	189	96	80	69	254	140	111	71	117	77	36	96	69	83	177	77	40	185	80	104	185	60	118	96	ENSG00000111229.15	ARPC3
chr12:110437153-110445451	N_w	0	2	2	0	0	0	2	0	2	1	0	0	1	4	0	3	1	1	0	0	5	0	2	2	1	0	2	0	3	0	3	2	12	1	3	3	1	1	1	1	3	5	0	1	4	2	0	1	1	6	3	ENSG00000111229.15	ARPC3
chr12:110440389-110445451	N_w	95	235	150	352	143	153	487	288	111	220	163	149	175	266	150	156	182	169	186	166	295	193	254	304	172	185	175	219	141	160	135	420	234	247	106	277	183	48	181	104	195	280	62	106	300	207	166	272	140	220	210	ENSG00000111229.15	ARPC3
chr12:110443068-110445451	N_w	2	1	0	2	0	0	0	0	0	0	0	0	0	0	0	0	0	0	0	1	0	0	0	0	2	0	3	0	0	0	1	1	1	1	0	0	1	0	0	0	1	1	0	0	2	0	0	0	0	0	0	ENSG00000111229.15	ARPC3
chr12:110445552-110450254	N_w	59	174	30	38	40	46	402	188	43	99	65	43	47	208	46	121	68	90	56	93	152	107	123	116	27	31	38	44	25	38	70	304	175	131	76	136	86	30	76	33	109	237	33	59	234	90	100	37	68	183	112	ENSG00000111229.15	ARPC3
chr6:110100482-110100506	N_w	0	0	0	0	0	0	0	0	0	0	0	0	0	0	0	0	0	0	0	0	0	0	0	0	0	0	0	0	0	0	0	0	0	0	0	0	0	0	0	0	0	0	0	0	0	43	0	0	0	0	0	ENSG00000112290.12	WASF1
chr6:110100680-110101587	N_w	168	351	111	203	326	176	273	230	164	214	137	172	187	200	101	157	203	211	124	136	256	185	241	297	57	120	133	163	60	116	67	223	184	136	45	127	72	50	99	103	121	230	89	60	193	172	177	175	71	131	119	ENSG00000112290.12	WASF1
chr6:110102217-110103377	N_w	82	199	62	108	182	99	181	129	137	93	87	108	99	90	62	104	112	95	71	62	122	135	134	155	33	76	80	156	29	101	31	118	134	64	12	66	35	49	36	35	68	146	45	26	140	115	112	96	42	88	49	ENSG00000112290.12	WASF1
chr6:110103558-110105406	N_w	91	148	96	126	175	103	150	142	106	121	84	112	117	83	60	90	93	98	85	93	140	85	129	194	35	113	109	180	32	134	33	112	86	94	9	57	51	15	45	53	76	96	45	20	88	94	91	101	42	45	53	ENSG00000112290.12	WASF1
chr6:110105577-110107076	N_w	10	26	3	11	25	13	37	14	13	12	17	11	15	28	11	8	10	9	6	10	21	18	24	18	12	8	10	13	7	9	5	13	10	8	4	5	4	2	6	4	7	15	7	2	15	7	14	7	5	8	9	ENSG00000112290.12	WASF1
chr6:110105580-110107050	N_w	1	1	0	0	0	1	1	0	0	0	1	0	1	0	0	0	0	0	0	0	1	1	2	0	0	0	0	0	0	0	0	1	0	0	0	0	0	0	0	0	0	0	0	0	1	0	0	0	0	1	0	ENSG00000112290.12	WASF1
chr6:110105580-110107076	N_w	125	202	101	108	225	103	336	178	151	143	91	112	136	222	86	118	122	150	83	80	202	133	193	227	29	144	99	132	34	89	34	157	122	80	11	66	21	36	44	57	87	157	54	50	148	95	112	103	48	89	63	ENSG00000112290.12	WASF1
chr6:110107195-110108523	N_w	0	0	0	0	0	0	1	0	0	0	0	0	0	0	0	0	0	1	0	0	1	0	2	0	0	0	0	1	0	2	0	0	1	0	0	0	0	1	0	0	0	0	0	0	0	0	0	2	0	0	1	ENSG00000112290.12	WASF1
chr6:110107195-110108527	N_w	65	117	87	105	152	63	150	103	116	104	77	52	64	85	44	61	80	54	54	68	126	87	87	168	31	109	72	144	20	50	21	57	58	45	3	42	26	17	23	38	36	52	28	20	60	44	54	78	22	35	17	ENSG00000112290.12	WASF1
chr6:110108682-110113325	N_w	124	257	84	108	271	88	386	196	141	134	96	101	109	246	82	120	111	113	83	120	206	187	169	242	35	113	84	151	28	81	24	139	150	80	5	78	44	42	33	48	83	153	42	34	124	96	92	90	46	93	64	ENSG00000112290.12	WASF1
chr6:110111382-110113325	N_w	0	0	0	0	0	0	2	0	0	0	0	0	0	0	0	0	0	0	0	0	1	0	0	0	0	0	0	2	0	0	0	2	0	0	0	1	0	0	0	1	0	0	0	1	0	0	0	0	1	0	0	ENSG00000112290.12	WASF1
chr6:110113461-110127468	N_w	128	248	95	107	244	111	252	164	141	140	114	63	97	146	69	107	149	117	95	113	222	178	173	287	43	81	107	145	18	125	26	101	82	45	4	63	29	17	22	55	59	90	39	26	104	50	115	68	36	61	58	ENSG00000112290.12	WASF1
chr6:110127630-110160634	N_w	9	9	9	3	20	5	9	6	4	4	6	5	8	2	5	5	7	3	2	1	7	2	9	5	1	4	5	1	2	6	2	2	7	4	0	7	2	1	3	2	5	6	1	6	6	10	10	1	3	3	5	ENSG00000112290.12	WASF1
chr6:110127630-110177146	N_w	0	0	0	0	0	0	1	0	1	0	0	0	0	0	0	0	0	0	1	0	2	0	0	0	0	1	1	0	0	0	0	0	0	0	0	0	0	0	0	0	0	3	0	0	1	0	0	0	0	1	0	ENSG00000112290.12	WASF1
chr6:110127630-110178597	N_w	16	25	7	11	23	15	31	12	12	15	10	20	10	17	5	4	5	4	4	4	18	11	12	8	2	8	4	5	2	10	0	7	0	5	0	4	4	0	0	3	2	3	4	0	6	5	14	3	4	0	2	ENSG00000112290.12	WASF1
chr6:110127630-110179438	N_w	17	45	54	41	61	7	77	26	7	20	3	26	26	39	4	19	36	12	34	28	58	40	36	30	5	30	37	42	10	65	4	10	13	5	0	9	4	2	0	4	7	13	17	6	15	32	20	25	8	3	10	ENSG00000112290.12	WASF1
chr6:110127630-110179466	N_w	0	0	0	0	0	0	0	0	0	0	0	0	0	0	0	0	0	0	0	0	2	0	2	0	0	3	0	0	0	2	0	0	0	0	0	0	0	0	0	0	0	0	0	0	0	0	0	2	0	0	0	ENSG00000112290.12	WASF1
chr6:110127630-110179840	N_w	0	2	0	0	0	0	2	0	0	0	0	0	0	0	0	0	3	0	2	0	0	2	2	0	0	0	0	0	0	0	0	0	0	0	0	0	0	0	0	0	2	0	0	0	0	0	0	0	0	0	0	ENSG00000112290.12	WASF1
chr6:110160733-110177146	N_w	0	0	0	1	1	0	0	0	0	0	0	0	0	0	1	1	0	0	0	0	0	0	1	0	0	0	0	0	0	0	1	3	0	0	0	0	0	0	1	0	1	0	0	1	0	0	0	0	0	0	0	ENSG00000112290.12	WASF1
chr6:110160733-110178597	N_w	2	4	1	5	6	1	3	5	4	3	5	1	2	2	2	3	8	1	2	1	3	0	4	9	0	2	1	2	1	1	1	3	2	1	0	2	2	0	2	1	1	2	0	1	1	4	3	1	2	0	1	ENSG00000112290.12	WASF1
chr6:110160733-110179438	N_w	0	1	4	3	5	0	1	2	0	1	1	1	1	2	1	4	1	0	2	1	6	1	4	4	0	1	4	0	0	2	1	1	2	0	0	2	0	1	1	1	1	2	0	0	2	3	3	0	2	0	0	ENSG00000112290.12	WASF1
chr6:110177804-110178597	N_w	2	3	0	0	1	0	1	1	1	0	0	1	0	1	2	1	1	0	1	1	0	0	0	0	1	0	0	0	1	0	0	0	0	1	0	0	0	0	0	1	0	0	0	0	0	0	0	0	0	0	0	ENSG00000112290.12	WASF1
chr6:110178743-110179438	N_w	2	15	9	5	21	3	20	12	2	6	5	8	5	17	2	7	1	2	11	2	13	7	9	4	1	6	9	4	2	8	1	7	9	1	0	3	1	1	2	1	7	1	2	0	4	10	5	2	0	3	0	ENSG00000112290.12	WASF1
chr6:110178743-110179466	N_w	0	2	0	0	2	0	2	0	0	0	0	0	0	2	1	0	1	0	0	0	0	1	0	3	0	0	2	3	0	1	0	0	0	0	0	0	0	0	0	0	0	0	0	0	0	2	0	0	0	0	0	ENSG00000112290.12	WASF1
chr6:110178743-110179840	N_w	3	6	1	2	4	5	11	3	1	7	2	2	1	3	2	2	4	1	1	2	5	1	4	1	0	2	0	0	0	4	3	6	4	5	1	0	1	2	0	1	3	1	1	1	4	0	3	0	3	3	0	ENSG00000112290.12	WASF1
chr2:113890324-113913171	N_w	40	86	64	72	92	22	165	47	16	56	15	57	51	81	15	80	66	34	83	77	133	73	115	92	27	55	75	87	43	78	17	59	61	24	1	24	16	27	16	18	47	63	18	18	73	60	41	54	33	36	35	ENSG00000115091.11	ACTR3
chr2:113913228-113916883	N_w	60	113	60	61	127	37	187	153	60	74	44	60	52	70	50	85	102	81	86	109	187	112	121	165	34	73	68	78	32	70	24	77	54	54	5	47	33	27	30	28	62	62	20	30	80	60	79	67	32	44	48	ENSG00000115091.11	ACTR3
chr2:113913228-113927344	N_w	0	0	2	3	1	1	6	1	0	1	0	0	0	0	0	0	0	0	0	2	1	0	0	3	0	1	0	2	0	0	0	0	1	1	0	0	0	0	1	0	0	0	1	0	1	0	0	0	0	1	3	ENSG00000115091.11	ACTR3
chr2:113917009-113927344	N_w	133	237	101	112	207	84	451	259	135	97	113	106	107	179	115	244	158	122	93	144	283	245	295	316	52	112	134	150	52	100	35	251	162	105	6	80	55	64	50	69	92	191	47	39	180	86	135	99	59	105	86	ENSG00000115091.11	ACTR3
chr2:113927456-113929163	N_w	4	0	1	2	2	3	0	0	1	1	1	0	2	0	0	0	0	0	0	0	0	1	0	4	0	3	3	1	0	0	0	0	3	0	0	0	0	1	0	0	0	2	0	0	0	0	0	1	0	0	0	ENSG00000115091.11	ACTR3
chr2:113927456-113931300	N_w	121	257	97	145	241	129	497	336	218	112	149	138	137	191	161	208	196	171	121	173	385	261	343	442	49	121	152	206	58	124	54	273	223	152	13	125	65	63	47	72	113	203	55	36	239	71	193	128	81	139	95	ENSG00000115091.11	ACTR3
chr2:113930790-113931300	N_w	2	0	0	0	1	1	0	0	0	0	1	0	0	0	0	1	1	0	1	0	1	0	0	1	0	0	5	1	0	0	0	0	0	0	0	0	1	1	0	0	0	3	0	0	0	0	0	2	0	2	0	ENSG00000115091.11	ACTR3
chr2:113931397-113934157	N_w	0	0	0	1	0	0	2	0	1	0	0	1	1	0	0	3	0	0	1	1	0	3	2	4	0	0	1	1	0	0	0	0	0	0	0	0	0	0	0	0	0	0	0	0	0	0	0	0	0	0	0	ENSG00000115091.11	ACTR3
chr2:113931397-113934278	N_w	141	246	101	134	256	144	427	291	235	129	141	145	164	222	149	150	198	211	120	201	384	236	402	374	64	138	136	182	49	119	40	151	149	112	9	89	61	39	54	57	76	109	54	41	126	99	188	111	51	51	91	ENSG00000115091.11	ACTR3
chr2:113934387-113939958	N_w	111	143	115	94	191	77	123	196	168	102	87	86	115	70	104	87	152	104	96	124	217	180	184	320	53	100	73	165	47	87	47	146	118	69	9	75	49	14	51	34	76	95	26	41	117	77	117	111	39	69	81	ENSG00000115091.11	ACTR3
chr2:113940103-113942185	N_w	140	273	134	219	231	163	482	282	224	125	153	144	158	190	172	266	181	226	183	163	301	272	340	348	74	133	176	206	78	147	55	263	260	150	20	156	86	80	66	57	123	188	72	52	257	91	155	185	88	115	104	ENSG00000115091.11	ACTR3
chr2:113941086-113942185	N_w	0	0	0	0	1	0	1	0	0	0	0	0	0	0	0	0	1	0	1	1	0	0	1	0	0	0	0	0	0	0	1	1	3	0	0	0	0	0	0	0	0	0	0	0	0	1	2	0	0	0	1	ENSG00000115091.11	ACTR3
chr2:113942360-113951478	N_w	133	217	118	239	266	138	142	225	220	128	132	116	176	103	206	92	182	178	151	189	327	267	301	355	82	158	178	208	86	120	46	111	74	82	19	73	54	21	47	62	77	86	51	41	98	28	209	189	29	41	64	ENSG00000115091.11	ACTR3
chr2:113951572-113951719	N_w	87	163	96	161	174	70	444	154	152	98	115	99	123	198	91	143	128	114	81	127	206	141	197	262	64	107	95	185	59	84	33	180	172	65	16	66	48	67	29	57	66	201	51	31	207	89	111	130	36	146	76	ENSG00000115091.11	ACTR3
chr2:113951846-113955622	N_w	138	189	126	240	243	100	298	238	182	142	107	124	133	113	143	168	170	140	139	195	298	222	210	351	104	168	150	234	97	130	59	241	199	129	23	113	58	70	79	70	108	134	51	54	151	125	162	248	60	110	91	ENSG00000115091.11	ACTR3
chr2:113955707-113957359	N_w	206	406	228	384	412	235	756	374	314	220	170	238	286	340	210	362	263	314	259	271	481	373	488	458	172	223	351	409	157	254	107	474	340	279	67	250	147	96	135	95	251	409	123	111	445	197	276	335	129	222	201	ENSG00000115091.11	ACTR3
chr12:54497892-54499354	N_w	2	2	0	0	0	0	9	0	2	1	1	3	1	3	2	6	1	2	0	0	3	0	1	1	0	0	0	1	0	0	1	0	0	2	0	3	1	2	0	1	1	1	0	0	0	0	1	0	1	3	0	ENSG00000123338.12	NCKAP1L
chr12:54499466-54500532	N_w	2	3	1	0	7	1	9	3	2	4	5	2	2	6	2	4	1	1	0	0	5	1	4	1	0	2	0	0	0	0	1	1	1	3	0	3	0	0	0	2	0	1	0	0	1	0	2	0	1	7	3	ENSG00000123338.12	NCKAP1L
chr12:54500626-54507852	N_w	1	2	0	2	2	2	0	1	3	2	4	1	4	0	2	2	2	0	1	3	0	0	3	2	1	0	0	2	0	0	1	1	0	4	0	4	0	0	0	0	0	1	1	0	2	0	3	0	2	1	0	ENSG00000123338.12	NCKAP1L
chr12:54507910-54508388	N_w	2	5	2	1	4	0	3	2	5	2	2	0	3	3	3	2	1	0	0	2	0	3	2	4	1	0	0	2	1	0	1	0	2	4	1	0	0	1	0	0	1	0	0	0	0	0	2	0	2	0	1	ENSG00000123338.12	NCKAP1L
chr12:54508532-54509668	N_w	1	1	1	2	2	0	2	0	0	1	2	1	0	2	2	1	2	1	0	0	1	1	2	1	0	1	0	2	0	1	2	0	0	1	0	1	0	0	0	1	1	0	0	0	2	0	5	0	2	0	0	ENSG00000123338.12	NCKAP1L
chr12:54509760-54509847	N_w	1	1	0	1	3	0	5	1	2	3	2	0	1	1	1	0	0	1	0	1	4	0	0	1	0	0	1	1	0	0	0	0	0	1	0	1	0	1	0	3	0	0	0	0	1	0	1	0	0	1	0	ENSG00000123338.12	NCKAP1L
chr12:54509986-54511802	N_w	0	1	0	0	1	0	2	2	1	1	2	0	0	1	1	2	2	1	1	0	3	1	2	0	0	0	0	0	0	0	0	0	0	1	0	0	0	0	0	1	0	0	0	1	2	0	3	0	0	2	0	ENSG00000123338.12	NCKAP1L
chr12:54511852-54511948	N_w	2	4	1	0	2	2	5	3	1	3	1	1	1	3	3	2	4	2	1	2	10	1	3	1	0	0	0	0	0	0	0	2	0	4	0	0	3	0	0	3	1	0	0	1	2	0	0	0	0	2	1	ENSG00000123338.12	NCKAP1L
chr12:54512106-54516238	N_w	1	6	0	3	4	2	4	1	3	1	3	4	3	0	2	1	3	1	0	0	2	1	2	4	0	0	1	0	0	0	0	0	0	4	1	2	2	0	1	1	0	1	0	0	2	0	3	1	0	4	3	ENSG00000123338.12	NCKAP1L
chr12:54516296-54516895	N_w	0	3	0	0	3	1	2	1	1	1	1	1	1	0	1	1	0	1	0	1	0	1	0	1	1	0	0	0	0	0	0	0	0	3	0	1	0	0	0	1	1	3	0	0	4	0	2	0	1	2	4	ENSG00000123338.12	NCKAP1L
chr12:54516993-54517532	N_w	0	1	1	0	3	0	6	2	3	1	2	1	2	1	2	1	0	0	0	0	1	0	3	0	0	0	0	1	0	0	0	0	0	1	0	2	0	2	0	0	0	0	0	1	0	3	3	0	0	1	1	ENSG00000123338.12	NCKAP1L
chr12:54517643-54517805	N_w	2	5	0	1	12	0	8	2	2	1	4	4	2	2	0	2	4	0	2	2	6	0	3	3	1	0	3	0	0	1	0	2	0	5	0	3	3	0	0	4	0	1	0	1	5	0	3	0	0	2	1	ENSG00000123338.12	NCKAP1L
chr12:54517939-54518650	N_w	0	2	0	1	5	1	2	2	2	1	3	1	1	0	6	1	0	2	1	0	4	1	2	3	0	0	0	0	0	0	1	0	0	2	0	4	1	0	0	0	2	1	1	0	0	0	2	1	0	0	2	ENSG00000123338.12	NCKAP1L
chr12:54518733-54518913	N_w	2	3	0	0	3	2	3	2	1	1	3	2	3	0	2	4	0	1	0	0	3	1	4	0	0	0	1	0	0	0	1	1	0	0	0	1	1	0	0	2	2	0	3	0	1	0	0	2	1	1	2	ENSG00000123338.12	NCKAP1L
chr12:54518973-54519186	N_w	0	2	1	2	0	0	0	0	2	1	3	0	1	2	2	1	0	0	1	0	4	1	2	2	0	0	2	0	1	0	0	1	0	0	0	0	0	0	0	0	0	0	1	0	0	1	1	0	0	0	3	ENSG00000123338.12	NCKAP1L
chr12:54519333-54520693	N_w	0	1	0	0	3	1	3	0	1	1	3	0	0	0	2	3	0	0	0	0	1	0	1	2	0	0	0	1	0	1	0	1	0	0	0	0	1	0	0	0	0	2	0	0	0	0	2	1	2	1	0	ENSG00000123338.12	NCKAP1L
chr12:54520827-54521118	N_w	2	2	0	1	3	0	3	2	1	3	4	2	4	4	4	4	1	3	1	0	1	0	0	1	0	1	0	2	0	3	0	1	0	3	0	4	2	2	0	0	2	1	1	0	2	0	0	1	1	3	0	ENSG00000123338.12	NCKAP1L
chr12:54521239-54523393	N_w	2	6	0	4	3	1	4	1	2	2	2	0	3	2	1	3	3	0	0	2	2	0	2	2	0	0	0	0	0	4	0	3	0	5	2	3	1	3	0	1	5	2	2	0	1	0	3	1	1	3	1	ENSG00000123338.12	NCKAP1L
chr12:54523540-54523824	N_w	0	2	2	4	2	1	4	2	2	3	2	4	0	0	1	3	2	0	0	1	1	1	1	2	0	1	0	0	0	1	0	1	0	4	1	6	2	0	0	2	1	1	3	0	0	0	4	0	0	0	2	ENSG00000123338.12	NCKAP1L
chr12:54523957-54526527	N_w	0	1	1	2	2	0	3	1	1	3	2	1	2	1	1	0	2	3	1	0	3	2	0	0	0	2	0	0	0	2	0	2	1	1	0	4	1	2	0	1	2	0	0	1	0	1	2	2	0	3	2	ENSG00000123338.12	NCKAP1L
chr12:54526747-54528246	N_w	0	3	0	2	4	4	6	0	0	2	4	1	0	1	2	1	1	2	0	0	0	0	0	1	1	0	2	0	0	0	0	1	2	4	0	4	2	0	0	3	2	0	2	1	0	5	0	1	1	4	2	ENSG00000123338.12	NCKAP1L
chr12:54528378-54531259	N_w	2	2	1	3	4	6	4	2	1	2	2	3	2	2	0	1	1	1	0	0	2	1	0	0	0	1	0	0	0	1	0	1	0	5	1	3	1	0	1	1	3	0	1	0	3	0	7	1	0	2	2	ENSG00000123338.12	NCKAP1L
chr12:54531358-54531490	N_w	1	2	2	3	1	1	5	4	1	7	5	1	2	4	2	1	2	1	0	0	6	1	0	2	1	1	1	0	0	3	2	0	1	3	2	7	3	0	0	1	4	0	5	0	2	0	1	4	1	3	5	ENSG00000123338.12	NCKAP1L
chr12:54531585-54531742	N_w	2	2	2	3	3	2	7	2	1	6	5	3	2	1	3	1	2	1	1	0	0	0	2	3	0	2	0	2	0	1	1	4	0	2	0	3	1	0	0	3	1	1	1	1	0	0	2	2	1	0	1	ENSG00000123338.12	NCKAP1L
chr12:54531826-54532169	N_w	0	2	1	2	5	1	1	0	0	2	4	0	3	1	1	0	1	2	1	0	4	2	3	1	0	1	1	0	0	0	1	2	0	5	0	3	1	0	0	1	2	0	2	0	2	0	4	2	0	1	1	ENSG00000123338.12	NCKAP1L
chr12:54532251-54535103	N_w	0	3	0	1	2	2	3	0	2	5	3	0	4	2	2	1	1	1	0	1	1	0	3	0	0	1	0	1	0	1	1	1	1	1	0	2	0	0	0	2	2	1	1	0	2	1	2	0	1	0	0	ENSG00000123338.12	NCKAP1L
chr12:54535198-54536128	N_w	3	3	1	7	2	2	8	1	1	1	2	4	4	2	1	2	1	0	2	0	5	3	2	1	0	0	1	1	0	1	1	2	2	2	1	5	1	0	0	1	2	5	2	1	6	1	5	1	0	5	5	ENSG00000123338.12	NCKAP1L
chr12:54536246-54536943	N_w	2	2	2	4	0	1	4	1	1	6	7	2	2	3	1	1	2	0	1	1	2	0	0	0	0	2	0	0	0	0	1	6	3	2	3	5	1	0	3	4	5	3	4	1	6	1	0	0	1	7	7	ENSG00000123338.12	NCKAP1L
chr12:54537054-54538883	N_w	0	1	0	2	0	0	1	0	2	0	3	0	1	6	1	0	1	1	0	1	5	0	0	1	1	0	0	0	0	1	1	0	1	0	0	2	0	0	1	3	1	0	1	0	1	0	3	0	0	0	0	ENSG00000123338.12	NCKAP1L
chr12:54538974-54542574	N_w	0	2	0	3	1	2	5	3	3	5	2	1	3	5	3	3	0	0	2	0	1	0	1	2	2	1	1	2	0	0	2	2	0	2	1	6	1	0	0	2	3	3	1	1	5	3	1	0	2	11	4	ENSG00000123338.12	NCKAP1L
chr7:99374782-99385701	N_w	1	3	0	0	0	1	9	0	0	5	0	2	1	8	0	11	4	1	1	0	5	0	2	0	0	0	1	0	0	0	1	0	0	0	0	1	0	0	1	0	2	2	0	1	2	0	7	0	0	0	1	ENSG00000130429.12	ARPC1B
chr7:99377440-99385701	N_w	0	0	0	0	0	0	2	0	0	0	1	0	0	0	0	2	0	0	1	0	0	0	0	0	0	0	0	0	0	0	0	0	0	0	0	1	0	0	0	0	0	0	1	0	0	1	0	1	0	0	0	ENSG00000130429.12	ARPC1B
chr7:99377456-99385701	N_w	0	1	0	0	0	0	1	1	0	0	1	0	0	0	1	0	2	1	0	0	0	0	0	0	0	0	0	0	0	1	1	0	0	0	1	0	0	0	2	3	0	0	1	0	2	0	1	1	1	2	0	ENSG00000130429.12	ARPC1B
chr7:99385779-99386684	N_w	2	7	5	17	11	3	20	8	2	8	4	5	4	13	1	43	18	7	6	1	17	3	3	6	1	1	6	5	4	7	6	12	15	5	1	18	12	8	7	7	7	21	8	6	22	3	32	2	8	11	9	ENSG00000130429.12	ARPC1B
chr7:99386790-99388038	N_w	7	9	7	17	6	10	17	5	3	7	8	9	6	15	13	33	30	12	6	2	19	6	8	6	2	3	7	7	1	8	6	22	9	15	6	31	6	0	1	12	9	20	14	3	22	5	26	6	2	12	16	ENSG00000130429.12	ARPC1B
chr7:99388262-99389904	N_w	10	7	11	26	9	9	22	3	0	14	6	12	8	10	12	45	30	9	4	5	13	7	4	5	2	5	5	7	4	8	8	19	7	11	7	30	12	14	8	11	10	20	10	7	29	11	42	7	6	22	11	ENSG00000130429.12	ARPC1B
chr7:99390013-99390892	N_w	5	5	5	14	5	6	15	2	1	6	6	7	5	6	7	20	19	10	5	2	11	3	4	5	2	4	4	6	1	2	7	9	2	2	3	13	5	2	7	10	7	5	5	2	10	6	22	3	1	6	3	ENSG00000130429.12	ARPC1B
chr7:99391100-99391177	N_w	8	8	11	34	14	5	24	0	1	13	7	13	11	22	6	45	31	6	5	3	24	7	8	6	7	7	7	12	14	8	17	29	11	3	9	23	9	7	1	16	19	36	10	8	21	11	35	12	8	24	9	ENSG00000130429.12	ARPC1B
chr7:99391254-99392670	N_w	4	13	8	38	8	5	19	0	0	9	4	4	6	9	1	17	25	2	6	4	15	5	7	7	1	4	2	7	3	5	14	10	6	3	4	11	3	1	7	13	7	9	7	10	15	9	31	7	1	6	6	ENSG00000130429.12	ARPC1B
chr7:99392877-99394028	N_w	1	12	4	26	12	0	25	3	0	9	3	7	7	11	0	40	32	5	4	6	22	2	11	1	6	3	4	5	11	6	8	7	13	1	3	8	2	3	2	4	11	21	16	1	18	10	25	4	4	8	6	ENSG00000130429.12	ARPC1B
chr7:99393375-99394028	N_w	0	0	0	1	1	2	0	0	0	0	0	0	0	0	0	0	0	0	0	0	0	0	1	0	0	0	0	0	0	1	0	0	0	1	0	1	0	0	0	0	1	1	1	1	0	0	0	0	0	1	0	ENSG00000130429.12	ARPC1B
chr7:99394120-99394450	N_w	9	9	8	27	7	6	20	6	3	8	8	6	3	5	8	27	30	3	3	4	15	2	5	4	3	6	8	3	3	5	10	16	3	10	9	26	4	0	10	9	7	22	11	7	10	6	29	9	4	10	5	ENSG00000130429.12	ARPC1B
chr13:26557820-26612960	N_w	2	35	6	3	18	0	58	22	3	6	2	3	0	24	2	27	13	3	13	3	14	19	10	3	0	2	5	2	0	5	7	30	55	13	0	15	2	32	3	8	14	48	7	10	72	9	4	0	8	26	14	ENSG00000132970.12	WASF3
chr13:26593723-26612960	N_w	0	0	0	0	0	0	1	1	0	0	0	0	0	0	0	1	0	0	1	0	2	0	0	0	0	0	0	0	0	0	1	0	0	0	0	1	0	0	0	0	0	0	0	0	0	0	0	0	0	2	0	ENSG00000132970.12	WASF3
chr13:26610647-26612960	N_w	0	0	0	2	0	0	2	0	0	0	1	2	1	0	0	1	1	1	1	0	1	0	0	1	0	0	0	0	0	1	0	0	1	1	0	1	0	3	0	3	1	2	0	0	0	1	0	0	1	2	1	ENSG00000132970.12	WASF3
chr13:26613059-26642260	N_w	20	42	16	3	22	10	94	79	38	9	11	12	16	53	15	54	43	15	9	20	60	39	29	22	3	4	7	14	3	9	19	145	139	65	1	53	41	45	18	42	57	138	31	16	188	26	22	2	34	140	76	ENSG00000132970.12	WASF3
chr13:26642404-26665027	N_w	50	98	41	27	79	28	136	237	168	52	62	22	69	65	68	79	129	71	38	57	143	74	88	91	4	21	27	49	2	29	39	86	72	108	5	112	44	59	31	154	74	92	62	30	104	40	65	5	46	80	90	ENSG00000132970.12	WASF3
chr13:26665163-26667516	N_w	23	65	61	18	89	34	122	133	122	51	37	20	51	40	65	82	100	47	30	59	129	43	66	77	3	25	23	31	7	31	40	151	133	103	4	96	44	94	37	150	77	122	51	38	164	55	67	11	54	99	84	ENSG00000132970.12	WASF3
chr13:26667671-26671871	N_w	20	53	27	11	51	19	142	115	89	18	35	7	33	54	38	67	68	28	24	29	71	51	43	55	2	13	14	17	2	18	19	109	94	90	1	51	25	109	16	90	51	100	42	16	112	24	44	7	29	96	48	ENSG00000132970.12	WASF3
chr13:26671990-26676548	N_w	71	143	60	25	89	28	204	266	206	54	44	30	81	93	91	140	130	76	47	52	147	93	97	107	8	28	36	33	8	38	52	288	251	169	4	136	71	115	49	166	133	290	96	47	345	56	104	16	91	215	152	ENSG00000132970.12	WASF3
chr13:26671990-26680034	N_w	3	5	0	0	2	0	7	2	2	2	4	0	3	11	2	4	3	3	2	1	5	1	1	2	0	0	2	0	0	0	6	16	27	17	1	19	15	27	4	35	7	38	12	7	35	1	2	0	7	76	19	ENSG00000132970.12	WASF3
chr13:26671990-26681053	N_w	0	0	0	0	1	0	5	0	0	0	0	0	0	0	0	2	1	1	0	0	1	0	1	1	0	1	0	0	0	1	0	0	0	0	0	0	1	1	0	1	0	3	0	0	0	0	3	0	1	5	0	ENSG00000132970.12	WASF3
chr13:26676725-26680034	N_w	0	0	0	0	0	1	1	0	0	0	1	0	0	0	1	1	0	0	0	1	1	0	0	0	0	0	0	0	0	0	1	2	1	4	0	3	0	0	0	0	0	4	0	0	5	0	0	0	0	6	3	ENSG00000132970.12	WASF3
chr13:26676725-26681053	N_w	36	111	55	38	89	49	174	180	118	38	43	28	63	84	73	103	96	82	46	34	112	74	60	48	2	20	28	40	0	39	56	219	197	142	9	127	73	135	55	129	139	248	68	53	303	85	116	4	89	166	126	ENSG00000132970.12	WASF3
chr13:26680202-26681053	N_w	1	3	2	0	3	2	9	3	0	3	5	1	6	4	2	2	4	1	0	0	5	1	1	1	0	0	1	1	0	2	6	16	21	28	1	24	9	21	4	16	15	23	7	7	42	4	4	0	7	42	26	ENSG00000132970.12	WASF3
chr13:26681321-26682606	N_w	19	44	31	11	40	9	82	47	10	18	4	20	44	48	3	68	64	12	23	18	53	34	36	17	5	20	14	24	7	32	15	102	128	34	8	33	28	170	15	52	48	153	33	26	210	60	53	12	26	117	40	ENSG00000132970.12	WASF3
chr13:26682975-26685687	N_w	22	65	23	13	27	23	64	119	39	27	23	19	28	44	18	79	55	21	21	38	56	31	30	41	0	14	15	13	9	13	32	213	211	100	6	97	60	74	35	48	109	212	41	44	247	48	51	10	60	187	92	ENSG00000132970.12	WASF3
chr7:152759927-152783186	N_w	2	10	1	2	2	0	6	4	0	4	1	5	3	11	0	9	4	3	2	5	7	4	5	1	2	3	7	0	0	4	4	10	12	3	2	2	0	2	4	1	7	9	1	2	16	2	6	0	0	3	6	ENSG00000133627.17	ACTR3B
chr7:152759927-152800530	N_w	0	7	6	5	6	2	7	1	1	4	1	4	2	5	0	8	2	0	2	0	5	0	2	3	1	1	3	2	0	4	1	4	1	0	1	2	1	0	0	1	3	3	1	0	3	4	2	2	0	2	0	ENSG00000133627.17	ACTR3B
chr7:152783243-152800530	N_w	3	9	8	4	6	1	13	8	0	6	5	5	3	7	2	10	5	5	3	3	10	3	3	5	2	4	7	5	0	2	4	23	15	9	3	5	6	2	3	3	15	10	0	2	22	5	1	2	6	8	17	ENSG00000133627.17	ACTR3B
chr7:152783243-152801620	N_w	0	5	3	1	3	4	8	3	0	1	7	8	1	2	0	1	0	0	0	1	1	1	0	1	0	0	3	0	0	2	2	6	8	0	0	8	5	0	6	0	2	11	0	1	2	1	0	1	5	7	11	ENSG00000133627.17	ACTR3B
chr7:152785733-152801620	N_w	0	0	0	0	0	0	0	0	0	0	0	0	0	0	0	1	3	1	1	3	1	0	1	1	0	0	0	0	0	1	0	0	0	0	0	0	0	0	0	0	0	0	0	0	0	0	2	0	0	0	0	ENSG00000133627.17	ACTR3B
chr7:152800656-152801620	N_w	22	64	19	22	32	19	72	46	19	55	41	24	20	67	28	50	43	20	17	19	54	39	36	48	7	13	27	23	6	29	51	240	139	147	42	67	53	32	42	44	93	159	30	45	254	23	45	10	73	108	91	ENSG00000133627.17	ACTR3B
chr7:152801732-152811696	N_w	0	0	1	0	1	1	0	0	0	2	0	1	0	4	0	0	0	1	0	0	1	0	0	0	0	0	1	0	0	0	0	6	1	2	0	0	2	2	1	0	1	5	0	3	5	1	0	0	2	3	2	ENSG00000133627.17	ACTR3B
chr7:152801732-152814549	N_w	23	81	29	47	63	44	120	60	51	52	20	25	21	104	41	74	46	29	13	31	89	41	44	53	9	36	56	29	17	32	24	243	156	77	17	77	41	35	42	37	74	165	32	22	173	17	45	20	57	105	112	ENSG00000133627.17	ACTR3B
chr7:152801732-152814553	N_w	0	0	0	0	0	0	0	0	1	0	2	1	0	1	0	0	0	0	0	0	0	0	0	0	0	0	0	0	0	0	0	0	0	0	0	0	1	0	0	1	2	0	0	0	0	0	0	0	0	1	1	ENSG00000133627.17	ACTR3B
chr7:152811734-152814549	N_w	1	0	1	0	1	1	1	0	1	1	0	1	0	3	0	0	1	1	0	0	2	1	0	0	0	0	0	0	0	1	0	7	2	2	0	1	4	1	2	0	1	5	1	5	8	1	0	0	3	4	2	ENSG00000133627.17	ACTR3B
chr7:152814646-152816480	N_w	22	55	17	33	59	50	120	40	25	57	30	31	29	99	33	51	25	18	11	13	53	27	36	28	9	24	28	18	9	23	21	131	73	67	10	52	27	22	24	32	49	108	12	14	74	15	43	20	42	60	43	ENSG00000133627.17	ACTR3B
chr7:152814646-152820298	N_w	1	0	2	0	0	0	0	1	1	1	0	0	0	0	0	0	0	0	0	1	0	0	0	2	0	0	1	0	0	0	0	1	2	0	1	0	0	0	0	1	0	0	1	0	1	1	2	2	2	0	1	ENSG00000133627.17	ACTR3B
chr7:152816589-152820298	N_w	18	38	13	28	42	28	38	27	19	35	32	23	26	30	25	30	34	32	22	15	67	17	30	30	10	26	29	24	12	23	24	54	28	34	8	44	22	6	17	24	29	39	8	21	41	20	22	22	19	26	34	ENSG00000133627.17	ACTR3B
chr7:152816589-152820302	N_w	0	1	0	0	1	2	2	1	0	1	3	0	0	0	0	0	0	0	1	0	0	1	1	2	0	0	0	1	0	0	1	4	2	0	0	1	0	0	1	1	1	2	0	0	0	1	1	0	1	0	2	ENSG00000133627.17	ACTR3B
chr7:152820348-152823341	N_w	4	2	3	2	0	2	8	2	0	2	1	1	2	5	0	2	1	2	2	0	2	0	2	0	0	0	1	1	2	1	0	6	2	2	3	5	2	1	1	1	7	8	2	1	3	2	1	1	5	6	1	ENSG00000133627.17	ACTR3B
chr7:152820443-152823341	N_w	26	58	21	45	42	41	96	58	31	52	33	33	43	86	42	61	39	23	23	20	44	20	29	21	10	20	42	19	13	29	28	156	109	63	24	67	41	29	29	29	49	140	31	15	119	13	32	19	42	86	57	ENSG00000133627.17	ACTR3B
chr7:152823516-152825029	N_w	17	47	25	52	48	39	91	60	33	36	20	24	36	70	38	44	32	31	29	21	57	28	25	27	9	33	42	25	5	31	49	105	75	47	28	63	45	19	48	30	66	86	29	28	106	22	52	20	28	68	49	ENSG00000133627.17	ACTR3B
chr7:152825123-152842483	N_w	1	2	1	4	6	1	0	5	2	4	3	0	4	0	1	1	3	1	2	0	9	5	1	5	0	1	4	4	0	2	0	1	3	2	0	1	0	1	1	2	0	1	1	0	3	2	6	1	0	2	0	ENSG00000133627.17	ACTR3B
chr7:152825123-152852125	N_w	33	43	23	61	47	52	96	50	34	60	32	27	40	85	28	31	32	25	19	19	36	25	33	28	19	39	47	25	8	24	26	130	54	50	20	53	28	19	37	29	53	53	16	16	73	32	37	30	31	49	41	ENSG00000133627.17	ACTR3B
chr7:152825123-152853493	N_w	0	0	0	2	1	0	1	0	0	1	0	0	0	0	0	0	0	0	0	1	1	0	0	1	0	0	1	0	0	0	0	0	1	0	0	0	0	0	0	0	0	1	0	0	0	0	0	0	0	0	0	ENSG00000133627.17	ACTR3B
chr7:152825123-152854457	N_w	0	0	0	2	1	0	0	3	1	1	0	1	0	0	2	0	2	1	0	1	3	0	2	1	2	0	2	1	0	1	1	1	0	2	0	3	1	1	1	4	0	4	0	0	4	0	0	2	0	2	0	ENSG00000133627.17	ACTR3B
chr7:152852252-152853493	N_w	9	32	16	29	29	19	29	16	4	35	10	18	24	25	6	11	21	8	21	8	29	15	19	16	7	17	25	17	8	20	24	57	24	15	14	21	18	7	23	23	37	26	10	26	36	24	26	15	13	29	33	ENSG00000133627.17	ACTR3B
chr7:152853578-152854457	N_w	9	38	16	48	55	22	55	17	2	52	7	28	28	58	6	20	23	14	23	15	32	16	30	13	8	18	34	22	12	29	35	67	44	16	22	23	20	12	26	23	45	69	20	31	49	36	28	26	16	33	46	ENSG00000133627.17	ACTR3B
chr6:138424817-138425566	N_w	0	0	0	1	0	0	0	0	0	0	0	0	0	0	0	1	1	0	0	0	0	2	0	2	0	0	0	0	0	0	0	0	0	0	0	0	0	0	0	0	0	0	0	0	0	2	1	2	0	0	1	ENSG00000135540.11	NHSL1
chr6:138424817-138429710	N_w	5	13	8	15	8	4	39	18	7	9	9	6	17	22	16	33	19	13	24	21	21	20	23	15	6	8	7	5	13	3	5	32	46	13	4	17	14	20	2	3	9	32	0	8	45	9	27	4	1	60	12	ENSG00000135540.11	NHSL1
chr6:138429844-138430392	N_w	4	2	3	15	4	3	15	4	1	1	1	3	20	6	4	7	19	12	12	14	18	17	12	8	5	6	6	8	3	6	5	8	5	3	2	3	6	3	0	2	3	6	2	6	8	4	11	6	0	6	5	ENSG00000135540.11	NHSL1
chr6:138433681-138441982	N_w	10	2	2	0	3	2	16	18	7	2	1	2	16	1	8	25	22	14	20	17	20	21	23	24	0	1	4	0	5	0	1	8	5	2	0	2	1	0	2	1	2	1	0	1	6	0	6	1	1	2	2	ENSG00000135540.11	NHSL1
chr6:138433681-138447000	N_w	4	11	4	2	8	8	22	9	4	3	8	2	3	9	2	6	9	0	0	5	6	2	3	2	0	3	3	2	0	0	1	2	3	7	0	4	1	11	0	1	1	8	1	0	7	9	0	0	0	24	1	ENSG00000135540.11	NHSL1
chr6:138442115-138447000	N_w	6	3	3	0	1	2	30	9	11	0	2	0	5	2	9	31	21	5	9	8	19	20	24	21	4	2	6	2	5	3	0	5	1	1	0	1	0	4	1	2	2	0	0	0	1	0	18	2	0	1	2	ENSG00000135540.11	NHSL1
chr6:138447194-138473305	N_w	9	8	1	4	3	5	24	18	4	6	6	1	8	11	11	38	25	12	11	12	21	24	18	23	1	1	4	3	2	0	0	2	7	5	0	3	0	20	2	3	3	7	0	0	10	3	13	4	2	25	2	ENSG00000135540.11	NHSL1
chr6:138473434-138496218	N_w	15	14	5	2	7	3	43	19	6	3	8	3	20	14	13	47	29	18	11	24	33	34	26	20	4	3	3	10	1	8	0	1	6	7	1	3	1	21	2	2	2	7	0	1	15	5	15	4	0	39	3	ENSG00000135540.11	NHSL1
chr6:138496372-138499232	N_w	1	0	0	0	3	0	3	0	0	0	1	0	4	2	3	8	5	3	2	3	1	6	0	3	0	0	1	0	0	1	0	0	0	0	0	0	0	0	0	0	0	0	0	0	0	0	6	0	0	1	0	ENSG00000135540.11	NHSL1
chr6:138496372-138571709	N_w	3	3	0	0	2	0	6	4	5	0	2	0	0	0	4	10	4	5	6	13	7	11	9	10	0	0	0	0	0	0	0	0	0	0	0	0	0	2	0	0	3	2	0	2	0	2	9	0	0	0	0	ENSG00000135540.11	NHSL1
chr6:138496372-138638555	N_w	0	0	0	0	0	0	0	0	0	0	0	0	0	0	0	0	0	0	0	0	0	0	0	0	0	0	0	0	0	0	0	0	0	0	0	0	0	3	0	0	0	0	0	0	0	0	0	0	0	10	0	ENSG00000135540.11	NHSL1
chr6:138572062-138572385	N_w	1	0	0	4	0	1	1	0	1	0	0	0	0	1	4	4	1	0	2	1	7	5	3	0	0	0	1	1	2	0	1	1	0	0	0	1	0	0	3	0	0	0	2	0	3	8	0	1	0	1	3	ENSG00000135540.11	NHSL1
chr6:138572062-138572441	N_w	0	1	0	3	0	2	3	0	0	0	0	0	0	1	4	2	0	1	1	1	6	3	1	2	0	1	0	0	0	0	0	1	0	0	0	0	0	0	2	0	0	0	0	0	0	5	3	2	0	1	0	ENSG00000135540.11	NHSL1
chr6:138572062-138572475	N_w	0	0	1	0	0	0	2	0	1	0	0	0	1	1	2	1	0	1	0	0	3	0	0	0	0	1	1	0	0	0	0	2	2	0	1	0	1	0	0	0	0	0	0	0	2	2	1	0	0	0	0	ENSG00000135540.11	NHSL1
chr10:26748746-26751597	N_w	40	74	58	69	81	50	108	102	62	79	66	29	81	122	33	37	34	49	45	46	62	36	54	86	24	55	40	84	22	41	25	121	133	98	21	81	50	30	46	42	47	120	52	27	134	54	31	48	41	148	50	ENSG00000136754.16	ABI1
chr10:26748746-26765217	N_w	1	0	1	0	0	0	4	1	1	0	2	0	0	2	0	0	0	0	0	0	0	0	0	1	0	0	1	0	0	0	0	0	0	0	0	0	0	0	0	0	0	0	0	0	0	1	0	0	0	0	0	ENSG00000136754.16	ABI1
chr10:26751784-26752166	N_w	0	0	0	0	0	0	0	0	0	0	0	0	0	0	0	0	0	2	0	1	1	0	5	0	1	0	0	0	0	0	0	0	0	1	0	0	0	0	0	0	0	1	0	0	1	0	0	0	0	1	0	ENSG00000136754.16	ABI1
chr10:26751784-26752662	N_w	1	0	0	0	0	0	0	0	0	1	0	0	2	1	0	0	0	0	0	0	0	0	1	1	0	0	2	1	0	0	0	0	0	0	0	0	0	0	0	0	2	1	0	0	2	0	0	0	0	1	1	ENSG00000136754.16	ABI1
chr10:26751784-26755654	N_w	38	77	23	22	55	41	144	63	17	38	43	37	27	108	41	93	49	40	27	35	54	30	55	43	10	19	33	51	10	29	24	160	121	69	16	97	40	90	20	34	54	221	41	31	255	30	46	21	48	315	56	ENSG00000136754.16	ABI1
chr10:26751784-26759061	N_w	18	80	17	39	51	36	136	58	50	32	29	37	51	69	5	12	2	13	20	16	17	22	41	31	13	13	33	27	8	29	19	115	184	67	9	50	27	65	34	28	54	141	27	14	100	61	5	24	29	90	59	ENSG00000136754.16	ABI1
chr10:26751784-26763879	N_w	2	5	0	0	2	3	9	2	0	0	2	1	4	13	0	0	0	1	0	0	0	0	0	1	0	0	1	1	0	0	1	6	11	8	0	4	4	9	2	0	1	18	6	0	21	1	0	0	0	40	3	ENSG00000136754.16	ABI1
chr10:26751784-26765217	N_w	0	0	0	2	4	0	6	1	0	0	0	2	3	2	0	2	0	0	1	0	0	0	0	1	0	4	0	2	0	0	1	0	5	2	1	2	2	1	1	1	3	7	1	0	5	0	0	1	0	4	1	ENSG00000136754.16	ABI1
chr10:26755742-26759061	N_w	20	47	12	14	41	32	83	42	13	29	27	16	24	48	38	51	39	47	22	17	60	30	46	46	11	17	23	34	11	16	15	91	96	62	7	53	25	69	21	20	23	124	25	16	133	22	37	20	29	113	26	ENSG00000136754.16	ABI1
chr10:26755742-26765217	N_w	0	10	4	3	12	2	10	4	4	9	5	6	4	23	0	1	0	0	1	0	0	0	4	4	0	0	3	5	0	4	3	1	3	7	2	19	2	7	1	0	6	14	9	5	30	0	0	1	5	29	2	ENSG00000136754.16	ABI1
chr10:26759236-26763879	N_w	0	4	2	0	4	4	3	4	0	4	1	2	0	4	0	0	0	2	0	0	2	0	1	0	0	0	0	1	0	0	0	11	8	4	0	5	6	14	3	1	1	21	1	3	25	9	0	1	0	31	4	ENSG00000136754.16	ABI1
chr10:26759236-26765217	N_w	11	40	16	11	30	12	35	32	21	20	17	17	19	26	16	26	22	9	14	16	29	20	24	29	5	8	15	23	8	18	9	47	63	22	3	27	12	15	8	20	27	41	7	10	41	35	14	7	12	29	15	ENSG00000136754.16	ABI1
chr10:26759239-26763879	N_w	0	0	0	0	10	2	7	1	0	0	1	2	3	10	0	0	0	0	0	1	0	1	0	0	0	0	0	1	0	2	4	8	26	9	1	10	9	12	2	2	6	26	1	3	39	3	0	0	2	59	6	ENSG00000136754.16	ABI1
chr10:26759239-26765217	N_w	28	69	29	37	55	46	133	60	43	41	51	29	52	70	26	62	40	32	35	20	50	36	69	65	14	21	38	42	6	22	26	139	166	69	11	53	30	48	32	25	48	184	32	10	136	51	48	27	22	123	60	ENSG00000136754.16	ABI1
chr10:26763961-26765217	N_w	0	10	2	0	10	0	17	4	1	5	1	2	7	12	0	0	0	0	2	0	0	0	8	2	0	2	4	1	0	2	0	21	29	23	4	12	7	14	6	3	7	34	4	8	49	9	0	3	3	90	13	ENSG00000136754.16	ABI1
chr10:26764640-26765217	N_w	0	0	0	0	1	0	1	1	0	1	0	0	0	0	0	0	0	0	1	0	1	0	0	2	0	0	0	0	1	0	1	0	1	1	1	0	1	1	0	0	1	1	1	0	2	1	0	0	0	3	1	ENSG00000136754.16	ABI1
chr10:26765319-26768851	N_w	56	102	34	44	96	46	122	106	64	50	55	49	63	80	38	52	44	31	40	55	81	71	90	92	16	39	45	66	11	36	32	128	158	97	7	91	57	31	49	54	60	156	34	25	145	67	46	36	43	149	65	ENSG00000136754.16	ABI1
chr10:26768993-26770244	N_w	52	80	46	30	74	58	181	97	62	52	41	36	46	97	39	66	39	44	37	25	63	34	80	75	18	37	50	53	16	43	29	93	115	74	7	85	38	56	29	38	63	134	42	24	164	47	33	31	41	112	56	ENSG00000136754.16	ABI1
chr10:26770346-26771074	N_w	4	16	4	4	12	4	13	12	4	5	5	8	6	11	2	5	3	1	4	4	5	7	10	8	1	1	4	6	1	1	12	21	23	18	2	14	5	7	3	8	12	31	6	3	31	11	1	5	2	15	13	ENSG00000136754.16	ABI1
chr10:26770346-26777064	N_w	1	2	0	0	0	1	1	1	2	3	1	2	0	1	28	34	14	11	2	1	28	5	1	0	1	1	5	0	0	1	0	2	0	0	0	1	0	0	0	0	0	2	0	0	1	0	19	0	0	0	0	ENSG00000136754.16	ABI1
chr10:26771090-26777064	N_w	2	5	4	2	7	1	5	6	3	5	4	4	6	11	1	1	2	4	0	5	3	5	4	10	0	2	2	2	0	0	3	5	6	9	2	3	0	0	0	8	0	8	0	1	9	4	0	2	2	3	4	ENSG00000136754.16	ABI1
chr10:26777242-26823137	N_w	57	97	30	24	96	45	164	114	54	43	55	33	51	80	28	35	43	27	33	36	72	52	71	120	15	34	36	46	7	46	17	91	94	62	4	59	45	29	24	37	36	78	29	24	91	48	45	19	22	99	37	ENSG00000136754.16	ABI1
chr10:26823306-26835314	N_w	0	1	0	0	0	0	4	0	1	0	1	0	0	0	1	2	1	1	0	0	0	1	0	1	0	0	0	0	0	1	1	2	0	0	0	0	0	1	0	0	0	0	0	0	0	0	0	0	1	1	0	ENSG00000136754.16	ABI1
chr10:26823306-26860746	N_w	49	128	28	41	87	56	209	128	48	62	55	44	55	136	38	89	42	32	19	46	62	64	88	88	6	34	48	42	9	28	26	172	164	88	10	100	39	86	35	32	61	197	44	21	205	36	37	23	40	203	63	ENSG00000136754.16	ABI1
chr10:26835408-26860746	N_w	0	0	0	0	0	0	0	1	1	0	0	0	0	0	0	0	1	0	0	0	1	0	0	0	0	0	1	0	0	0	0	1	1	1	0	1	1	0	0	0	0	1	0	0	0	0	0	0	0	0	0	ENSG00000136754.16	ABI1
chr2:65227958-65239851	N_w	77	137	49	27	62	26	289	76	15	64	34	66	58	128	20	143	99	34	74	97	187	102	186	105	18	43	48	64	6	70	30	98	124	48	3	48	41	59	18	42	107	126	29	36	157	86	90	24	48	70	82	ENSG00000138071.13	ACTR2
chr2:65239963-65241971	N_w	0	0	0	0	0	0	0	0	0	0	0	0	0	0	0	0	0	0	0	0	1	0	0	0	0	0	0	0	0	0	0	4	0	2	0	1	1	0	0	1	3	1	0	1	1	0	0	0	1	1	0	ENSG00000138071.13	ACTR2
chr2:65239963-65242045	N_w	0	0	0	0	0	0	1	3	0	0	0	0	0	0	0	0	0	0	0	0	0	1	0	0	0	0	1	0	0	1	2	10	4	3	0	6	4	0	0	0	7	8	1	0	5	0	1	0	1	5	6	ENSG00000138071.13	ACTR2
chr2:65239963-65242048	N_w	2	0	1	0	1	0	4	2	0	0	0	0	1	1	0	1	0	0	0	0	0	0	0	2	0	0	0	0	0	2	4	12	2	2	1	2	4	2	0	2	7	10	6	2	6	0	0	0	8	2	2	ENSG00000138071.13	ACTR2
chr2:65239963-65246504	N_w	0	3	2	0	1	0	2	1	0	1	0	0	0	3	0	0	1	0	1	0	0	0	1	1	1	0	0	0	0	1	0	0	2	0	0	1	0	0	1	0	1	1	1	0	3	0	2	0	0	0	0	ENSG00000138071.13	ACTR2
chr2:65239963-65246523	N_w	87	196	59	38	121	43	318	169	80	57	67	84	77	105	96	261	152	97	98	115	211	175	204	194	15	66	77	92	10	69	24	140	160	68	6	60	27	63	40	70	69	146	56	23	189	64	128	31	50	168	91	ENSG00000138071.13	ACTR2
chr2:65242064-65246523	N_w	0	1	1	0	2	0	5	10	0	0	0	2	1	1	0	0	1	0	0	0	1	1	1	4	2	1	3	0	0	2	5	31	25	19	0	11	11	3	2	2	18	21	7	2	18	0	1	1	8	9	9	ENSG00000138071.13	ACTR2
chr2:65246308-65246523	N_w	1	0	0	1	0	0	0	0	0	0	0	0	0	0	0	0	0	0	0	0	0	0	0	0	0	0	0	1	0	0	0	5	3	2	0	3	0	0	0	0	3	6	1	3	6	0	0	0	0	1	3	ENSG00000138071.13	ACTR2
chr2:65246740-65251026	N_w	106	232	100	58	256	64	472	226	149	112	116	97	121	146	124	215	226	129	114	171	364	211	328	349	25	90	94	119	25	89	42	263	180	137	11	165	72	55	36	101	138	195	66	52	193	74	181	54	111	133	138	ENSG00000138071.13	ACTR2
chr2:65246740-65253727	N_w	0	0	0	0	0	0	0	0	0	0	0	0	0	0	0	0	0	0	0	0	1	0	0	0	0	1	0	2	0	0	0	0	0	1	0	1	0	0	1	0	1	0	0	0	1	0	0	0	0	0	2	ENSG00000138071.13	ACTR2
chr2:65251100-65253727	N_w	125	218	127	61	276	78	329	226	169	83	142	101	132	111	164	185	246	135	128	165	351	238	298	351	20	130	91	158	27	83	44	255	219	145	6	125	59	65	37	110	134	203	68	56	216	90	180	47	85	151	116	ENSG00000138071.13	ACTR2
chr2:65253865-65255544	N_w	128	206	119	96	241	66	425	232	183	123	135	100	140	188	165	275	239	135	138	148	319	215	307	375	38	128	116	185	29	95	58	381	281	163	11	172	67	137	63	139	129	313	86	50	267	111	178	80	105	267	158	ENSG00000138071.13	ACTR2
chr2:65255695-65261246	N_w	160	251	119	96	274	90	398	283	197	140	152	127	138	139	172	208	242	151	136	204	376	278	343	435	43	122	128	133	27	105	58	266	207	156	3	158	70	68	46	138	156	171	77	56	228	94	184	76	101	130	134	ENSG00000138071.13	ACTR2
chr2:65255695-65265042	N_w	0	0	0	0	1	0	0	1	0	0	1	0	1	0	0	3	3	0	1	0	2	2	0	0	0	0	1	1	0	2	0	0	2	2	1	0	0	0	2	3	0	0	0	0	3	1	1	0	0	2	0	ENSG00000138071.13	ACTR2
chr2:65261393-65265042	N_w	193	351	110	115	299	119	590	347	237	155	157	144	175	253	225	305	255	181	168	233	450	325	388	406	52	119	143	168	38	115	63	494	344	225	16	212	88	104	79	150	190	351	123	81	324	116	242	91	127	223	195	ENSG00000138071.13	ACTR2
chr2:65265176-65268563	N_w	101	211	112	82	229	86	315	277	194	121	147	109	108	141	164	200	230	180	119	151	304	214	250	347	35	125	101	172	43	106	56	281	180	168	10	153	95	45	68	125	184	166	102	51	202	106	183	104	94	156	121	ENSG00000138071.13	ACTR2
chr2:203328632-203351554	N_w	1	0	1	2	1	0	0	1	0	1	2	0	0	0	0	0	1	1	0	1	0	2	3	2	0	0	0	0	0	0	0	2	0	1	0	1	0	0	0	0	0	0	1	0	0	2	0	0	0	0	1	ENSG00000138443.15	ABI2
chr2:203328632-203355153	N_w	0	0	0	0	1	0	0	1	1	1	0	0	1	0	1	0	1	0	1	2	2	4	0	2	0	0	0	0	0	1	0	6	2	0	0	2	1	4	0	2	1	3	0	0	2	0	0	0	1	1	0	ENSG00000138443.15	ABI2
chr2:203328632-203366876	N_w	61	158	23	19	98	30	240	143	48	31	54	24	34	55	55	149	90	59	42	64	113	108	96	143	2	21	26	38	4	47	9	52	56	52	1	49	11	53	7	19	46	61	17	13	92	26	82	12	13	79	33	ENSG00000138443.15	ABI2
chr2:203328632-203366880	N_w	1	10	1	1	4	2	11	8	0	4	4	2	1	6	1	8	4	3	1	5	8	9	15	8	0	0	1	0	0	0	0	8	7	3	0	6	0	2	0	2	3	11	1	0	10	4	5	1	2	6	1	ENSG00000138443.15	ABI2
chr2:203328632-203380207	N_w	0	6	0	0	3	3	3	0	2	2	0	0	0	0	0	0	0	0	0	2	0	0	0	0	0	0	0	0	0	0	0	0	2	0	0	0	0	0	0	0	0	2	0	0	0	0	0	0	0	0	0	ENSG00000138443.15	ABI2
chr2:203346477-203366876	N_w	1	0	0	0	0	0	0	0	2	0	1	0	0	1	0	2	1	1	0	2	3	1	6	2	0	0	0	0	0	0	0	0	1	0	0	1	0	1	0	0	0	0	1	0	0	0	2	0	0	2	1	ENSG00000138443.15	ABI2
chr2:203351679-203355153	N_w	0	0	0	0	0	0	1	0	0	0	0	0	0	0	0	0	0	0	0	0	0	0	1	0	0	0	0	1	0	0	0	0	0	1	0	0	0	1	0	1	0	0	2	0	0	3	0	0	0	2	0	ENSG00000138443.15	ABI2
chr2:203351679-203366876	N_w	2	5	1	0	3	0	8	3	0	2	1	0	4	1	0	6	2	0	0	0	0	1	2	1	0	0	0	1	2	0	0	0	2	1	0	2	1	3	0	1	0	1	2	0	0	0	0	0	0	6	0	ENSG00000138443.15	ABI2
chr2:203355325-203366876	N_w	0	1	3	0	1	0	3	2	1	1	0	0	0	2	1	2	2	5	0	1	0	3	7	4	0	0	0	0	1	0	0	1	0	0	0	0	0	0	0	0	3	3	2	0	3	1	2	0	1	2	3	ENSG00000138443.15	ABI2
chr2:203367045-203375931	N_w	0	0	0	0	0	1	2	1	0	0	0	0	0	2	0	1	0	0	0	0	0	0	1	1	0	1	0	0	0	0	0	1	1	0	0	0	0	3	0	0	0	0	0	0	0	0	0	0	0	0	0	ENSG00000138443.15	ABI2
chr2:203367045-203376056	N_w	4	7	3	0	5	2	12	10	9	1	2	2	3	1	5	14	8	5	2	2	8	10	10	14	0	1	3	2	1	3	0	4	2	4	0	2	0	3	0	0	0	4	0	0	5	1	9	1	2	1	2	ENSG00000138443.15	ABI2
chr2:203367045-203380207	N_w	89	122	30	22	103	19	113	125	68	35	53	28	24	58	48	73	92	61	39	49	127	99	96	202	12	35	38	63	3	31	8	44	31	27	3	47	11	20	5	31	35	39	8	6	49	36	60	17	15	43	26	ENSG00000138443.15	ABI2
chr2:203367045-203380211	N_w	0	0	1	0	0	1	0	1	0	0	0	0	1	0	1	1	0	0	0	0	1	0	1	2	0	0	0	0	0	0	0	0	0	0	0	0	0	0	0	0	0	0	0	0	0	0	1	0	0	0	0	ENSG00000138443.15	ABI2
chr2:203367045-203391045	N_w	0	0	0	1	0	1	0	2	0	0	2	0	0	0	2	0	2	0	0	0	0	0	1	0	0	0	0	1	0	1	0	0	0	0	0	0	0	1	0	0	0	0	0	0	1	0	0	0	0	0	0	ENSG00000138443.15	ABI2
chr2:203367131-203380207	N_w	1	1	1	0	1	0	3	1	0	1	2	0	0	1	0	3	4	0	0	12	5	2	2	3	0	0	1	3	0	0	0	1	1	0	0	0	0	1	0	0	0	0	1	0	1	0	1	0	0	1	1	ENSG00000138443.15	ABI2
chr2:203376133-203380207	N_w	4	5	2	0	5	1	5	6	6	0	3	3	7	3	9	9	10	7	1	2	8	9	5	13	0	5	1	1	0	1	0	2	1	3	1	0	2	1	1	2	4	3	2	0	2	1	4	2	1	0	1	ENSG00000138443.15	ABI2
chr2:203380385-203382188	N_w	51	91	34	13	99	29	106	84	65	41	49	28	27	44	5	18	14	38	30	44	28	63	100	148	12	24	26	45	8	43	12	47	47	24	3	29	10	41	0	14	44	48	13	7	65	11	10	13	15	42	29	ENSG00000138443.15	ABI2
chr2:203380385-203391045	N_w	13	31	7	5	29	18	50	11	22	12	18	0	6	32	54	121	56	27	13	16	68	28	25	35	1	10	10	13	1	3	1	13	25	17	0	19	5	25	1	2	3	21	5	3	46	10	44	5	0	72	10	ENSG00000138443.15	ABI2
chr2:203382207-203391045	N_w	40	78	36	14	82	27	85	71	51	39	38	24	20	41	4	19	15	34	25	31	24	52	79	121	12	23	23	31	8	39	11	40	36	31	4	30	11	40	2	14	44	47	14	11	65	9	7	9	15	45	29	ENSG00000138443.15	ABI2
chr2:203383322-203391045	N_w	0	0	0	0	0	0	0	0	0	0	1	0	0	0	0	5	1	2	0	0	2	1	2	1	0	0	0	1	0	0	0	0	1	0	0	0	0	0	0	0	1	0	0	0	0	0	0	1	0	0	1	ENSG00000138443.15	ABI2
chr2:203390147-203391045	N_w	0	0	0	0	0	0	1	0	0	0	0	0	0	1	1	1	2	1	0	0	1	0	0	0	0	0	0	0	0	0	0	1	0	0	0	1	0	0	1	0	0	0	0	0	0	0	0	0	0	1	0	ENSG00000138443.15	ABI2
chr2:203391144-203394699	N_w	57	143	31	23	86	40	210	112	69	49	71	53	34	73	87	205	100	87	73	85	158	141	169	176	7	43	56	61	10	56	9	57	70	38	5	62	25	90	15	19	38	97	16	12	106	36	103	13	22	151	46	ENSG00000138443.15	ABI2
chr2:203391144-203395655	N_w	17	62	13	5	38	5	36	41	24	15	19	9	14	21	4	12	8	7	7	9	9	9	19	25	3	7	4	12	1	20	9	49	36	18	3	25	6	25	3	4	23	40	11	8	42	5	4	1	18	36	20	ENSG00000138443.15	ABI2
chr2:203391144-203395658	N_w	4	7	2	5	9	0	5	6	6	1	2	2	2	4	0	4	1	0	0	0	1	2	1	3	2	0	0	3	0	3	3	5	3	6	0	1	1	4	0	2	2	7	2	0	10	8	0	1	3	14	1	ENSG00000138443.15	ABI2
chr2:203394847-203395655	N_w	88	152	42	27	103	53	168	137	57	46	70	38	53	45	77	172	154	89	58	114	206	133	157	219	16	46	55	64	10	43	10	59	91	58	4	37	20	44	9	32	31	97	22	16	87	27	129	26	22	136	42	ENSG00000138443.15	ABI2
chr2:203394847-203395658	N_w	17	19	4	3	7	5	19	13	4	9	9	3	9	4	8	18	18	6	6	8	24	14	12	23	0	5	6	9	0	3	1	4	8	7	1	5	4	10	1	3	3	9	0	0	9	3	11	4	1	20	2	ENSG00000138443.15	ABI2
chr2:203395781-203396784	N_w	42	127	17	8	61	30	106	90	55	27	28	46	34	42	8	23	28	58	39	37	46	67	126	89	10	34	38	46	7	30	12	56	44	33	4	33	13	31	15	17	34	77	28	15	76	24	15	16	26	46	30	ENSG00000138443.15	ABI2
chr2:203395781-203402575	N_w	8	19	5	8	11	4	31	12	4	3	12	3	9	5	42	77	50	21	9	9	59	15	20	7	3	2	6	6	0	7	1	7	17	13	4	18	8	10	2	5	7	14	4	5	28	9	56	4	1	55	10	ENSG00000138443.15	ABI2
chr2:203396968-203402575	N_w	51	99	18	10	92	31	163	77	47	32	28	41	17	45	11	36	45	41	38	50	43	58	91	115	5	30	25	45	8	25	14	74	77	39	5	34	8	75	5	16	35	102	28	12	84	31	12	10	13	84	24	ENSG00000138443.15	ABI2
chr2:203402735-203403316	N_w	0	0	0	0	1	1	0	1	1	0	0	0	0	0	2	1	1	1	1	0	1	1	1	1	0	0	0	1	0	0	0	0	1	1	0	0	0	2	0	0	1	0	0	2	1	0	0	0	0	1	1	ENSG00000138443.15	ABI2
chr2:203402735-203411284	N_w	24	59	17	10	46	9	69	53	36	17	24	14	14	17	35	50	62	38	28	36	51	47	67	94	7	16	19	33	10	21	7	28	32	22	2	26	10	10	5	11	18	23	4	7	40	21	43	11	5	43	19	ENSG00000138443.15	ABI2
chr2:203402735-203416907	N_w	48	113	38	21	74	33	182	88	64	36	56	43	37	52	37	100	52	46	42	40	89	56	96	89	5	27	44	48	6	40	9	77	91	49	4	55	33	68	9	31	34	76	24	10	110	20	66	19	18	123	44	ENSG00000138443.15	ABI2
chr2:203402735-203416913	N_w	1	3	0	0	3	0	5	0	0	0	2	0	1	0	0	1	0	1	0	1	0	0	3	1	0	0	2	2	0	0	0	0	1	1	0	0	0	1	0	0	0	0	0	0	1	1	2	1	0	3	0	ENSG00000138443.15	ABI2
chr2:203403362-203411284	N_w	0	1	0	0	1	0	0	0	0	0	0	0	0	0	0	0	1	2	0	0	0	1	0	1	0	0	0	1	0	0	0	0	1	1	0	0	0	1	0	1	1	0	0	1	0	0	0	0	0	1	0	ENSG00000138443.15	ABI2
chr2:203403362-203416907	N_w	0	0	0	0	1	0	1	0	1	1	0	0	0	0	0	0	0	0	1	0	0	0	0	0	0	0	0	1	0	0	0	0	0	1	1	0	0	1	0	0	0	0	0	1	0	0	0	0	0	1	0	ENSG00000138443.15	ABI2
chr2:203411372-203416907	N_w	54	102	28	22	79	21	201	89	67	29	51	34	20	60	58	109	101	61	44	75	113	103	118	163	13	42	40	54	25	29	13	54	63	51	7	49	21	67	18	23	37	63	7	5	109	31	69	30	20	90	44	ENSG00000138443.15	ABI2
chr2:203411372-203416913	N_w	5	3	2	0	3	1	8	2	5	3	2	2	1	4	3	8	7	9	4	3	16	7	9	18	1	2	0	6	0	1	0	0	0	0	0	2	1	3	1	0	1	4	3	0	4	1	2	2	1	4	0	ENSG00000138443.15	ABI2
chr2:203417082-203427176	N_w	59	86	48	40	126	37	108	114	93	55	76	27	55	42	57	58	111	49	52	84	124	76	89	197	9	52	49	86	12	41	12	40	33	30	7	28	18	9	11	38	25	35	29	4	54	31	69	32	11	32	27	ENSG00000138443.15	ABI2
chr2:203427270-203427495	N_w	1	5	2	1	5	3	6	1	2	1	2	2	2	1	9	9	8	4	3	9	6	4	8	9	0	1	2	4	0	0	0	1	5	2	1	0	2	2	0	0	1	3	0	0	1	0	6	1	0	3	2	ENSG00000138443.15	ABI2
chr2:203427270-203431000	N_w	1	0	0	0	0	0	1	1	0	0	0	0	0	3	2	0	2	0	1	2	2	1	1	3	0	0	1	0	1	0	0	0	0	0	0	1	1	0	0	1	0	0	0	1	0	1	0	0	0	0	0	ENSG00000138443.15	ABI2
chr1:27408347-27409691	N_w	25	42	11	17	23	6	29	17	6	7	13	7	23	20	11	46	66	25	15	17	75	22	28	29	1	10	6	3	0	8	4	22	6	4	2	11	9	5	3	6	13	18	9	11	23	23	46	2	9	18	10	ENSG00000158195.10	WASF2
chr1:27410207-27412571	N_w	18	22	4	17	19	6	19	16	13	9	18	4	4	11	25	31	36	20	17	14	60	9	29	19	0	1	6	8	3	6	1	7	9	7	2	18	4	9	1	8	6	11	3	4	17	10	33	10	5	25	5	ENSG00000158195.10	WASF2
chr1:27412728-27414832	N_w	21	26	12	7	21	8	18	16	22	9	15	8	17	9	24	36	45	17	7	14	54	10	22	35	3	5	8	11	4	14	1	11	11	11	0	11	3	2	2	8	8	11	4	2	17	16	39	14	3	10	9	ENSG00000158195.10	WASF2
chr1:27414964-27415984	N_w	49	77	20	46	27	9	137	62	63	20	52	9	25	67	71	161	106	39	15	36	131	50	63	63	3	12	23	15	4	9	3	43	25	27	2	28	9	18	7	16	16	52	7	6	50	11	80	2	6	76	21	ENSG00000158195.10	WASF2
chr1:27416103-27418268	N_w	49	70	13	28	34	15	129	27	27	21	43	12	20	61	67	109	92	22	26	25	131	36	46	40	4	17	13	15	3	9	3	41	36	24	2	26	14	21	6	12	16	24	14	5	60	17	73	8	7	66	19	ENSG00000158195.10	WASF2
chr1:27418423-27418953	N_w	47	48	13	30	29	9	114	40	36	14	33	17	14	45	46	113	94	30	17	30	121	43	43	46	3	9	15	13	6	17	3	31	19	29	6	21	10	21	6	13	22	36	9	3	49	22	53	7	9	50	17	ENSG00000158195.10	WASF2
chr1:27419089-27428760	N_w	9	14	5	2	13	10	20	5	5	9	10	2	8	3	10	19	28	9	7	7	27	5	6	14	2	4	6	9	2	4	0	6	3	3	0	4	0	0	0	4	3	3	2	1	7	4	26	3	0	2	3	ENSG00000158195.10	WASF2
chr1:27428934-27489985	N_w	8	27	3	15	14	0	49	6	0	10	0	6	6	21	2	30	26	4	11	10	52	13	18	7	4	4	14	6	5	8	2	4	11	4	0	7	7	3	0	4	4	3	3	3	18	8	25	0	0	13	0	ENSG00000158195.10	WASF2
chr1:32742190-32767786	N_w	3	0	0	1	1	1	6	0	0	0	0	0	0	0	0	3	5	1	0	0	5	3	0	0	0	1	1	0	0	0	0	0	0	0	0	1	1	0	0	0	0	1	0	1	0	0	2	1	0	0	0	ENSG00000162522.10	KIAA1522
chr1:32754181-32767786	N_w	2	10	1	3	9	1	22	1	2	8	0	4	4	6	1	27	4	1	3	0	8	11	14	3	1	4	10	8	0	11	2	3	2	0	0	0	0	0	0	0	0	4	1	0	3	4	3	0	0	1	0	ENSG00000162522.10	KIAA1522
chr1:32765702-32767786	N_w	0	0	1	0	0	0	1	2	0	0	0	1	0	1	0	0	0	0	0	0	1	0	1	0	0	0	1	0	0	0	0	0	0	0	0	0	0	0	0	0	0	0	0	0	0	1	0	0	0	0	0	ENSG00000162522.10	KIAA1522
chr1:32765828-32767786	N_w	12	17	13	14	13	8	53	20	8	6	5	17	17	14	0	1	3	4	15	9	10	12	21	15	12	19	23	19	4	12	0	0	1	0	0	0	0	0	0	0	0	0	0	0	0	8	1	10	0	1	0	ENSG00000162522.10	KIAA1522
chr1:32767958-32768061	N_w	42	36	19	26	35	25	109	48	15	11	20	24	27	36	17	50	21	15	33	24	39	28	54	37	10	22	41	22	11	22	1	4	2	1	0	7	0	1	0	2	2	6	2	3	10	12	22	19	1	8	2	ENSG00000162522.10	KIAA1522
chr1:32767958-32768651	N_w	1	1	0	3	1	0	2	3	1	0	0	0	2	0	0	0	1	2	3	0	3	3	1	1	1	1	1	3	0	2	0	0	0	0	0	0	0	0	0	0	0	0	0	0	1	1	2	0	0	0	0	ENSG00000162522.10	KIAA1522
chr1:32768118-32768594	N_w	0	0	0	0	0	0	1	0	0	1	0	0	1	1	0	1	0	0	0	0	1	3	0	0	0	0	0	1	0	2	0	0	0	1	0	0	0	0	0	0	0	0	0	0	0	0	0	0	0	0	0	ENSG00000162522.10	KIAA1522
chr1:32768118-32768651	N_w	47	39	28	22	38	18	98	58	23	23	27	28	34	33	11	58	24	20	29	35	53	30	63	36	16	23	60	39	10	34	3	6	0	1	1	4	0	1	0	2	1	9	2	4	8	16	21	12	1	6	3	ENSG00000162522.10	KIAA1522
chr1:32768776-32769672	N_w	22	16	10	10	16	18	24	14	7	14	9	13	15	10	4	30	15	13	20	11	20	12	25	19	2	8	24	16	1	11	1	2	3	0	0	0	1	0	0	0	1	1	0	0	2	10	15	6	0	3	1	ENSG00000162522.10	KIAA1522
chr1:32769787-32769879	N_w	20	14	5	13	21	10	28	13	2	9	0	11	17	15	6	17	15	2	17	12	20	18	16	12	5	14	19	8	2	13	0	1	1	0	0	1	0	1	0	0	1	2	1	0	0	3	10	10	0	1	0	ENSG00000162522.10	KIAA1522
chr1:32772442-32772864	N_w	30	32	11	20	38	19	100	18	4	28	13	26	27	48	8	37	19	18	19	17	39	27	45	23	11	30	33	20	11	25	0	1	2	0	0	1	0	1	0	0	2	10	1	2	16	21	12	31	1	11	0	ENSG00000162522.10	KIAA1522
chr1:183627595-183630460	N_w	19	39	68	79	103	42	72	74	46	43	51	41	52	44	34	34	66	50	55	34	56	46	38	89	29	44	50	61	29	37	15	32	16	16	1	28	10	7	29	24	19	17	12	6	20	42	53	58	8	8	25	ENSG00000162704.15	ARPC5
chr1:183630638-183633081	N_w	60	173	73	137	172	70	303	116	42	88	78	86	104	96	38	133	121	64	86	73	157	110	151	127	38	94	93	112	42	124	26	93	84	45	6	67	49	18	39	51	52	77	37	34	76	93	102	103	37	61	67	ENSG00000162704.15	ARPC5
chr1:183633154-183635515	N_w	0	0	0	0	0	0	0	0	22	0	0	0	0	0	38	0	0	0	118	0	0	0	0	0	46	0	0	0	0	0	52	0	0	57	11	0	0	0	34	0	0	0	0	0	0	0	0	0	0	0	0	ENSG00000162704.15	ARPC5
chr2:218217255-218217462	N_w	6	37	23	19	14	6	79	4	0	31	0	29	22	82	0	28	26	4	32	7	43	22	35	9	18	18	19	13	8	22	11	9	24	4	0	1	5	10	3	1	18	24	5	14	27	47	14	17	1	4	10	ENSG00000163466.15	ARPC2
chr2:218217255-218225919	N_w	1	0	0	0	0	0	1	2	0	2	1	1	0	2	0	0	1	0	0	1	1	0	0	0	0	1	2	1	1	0	1	2	1	0	0	2	0	3	0	0	0	4	0	0	0	0	0	1	1	0	0	ENSG00000163466.15	ARPC2
chr2:218217545-218225919	N_w	105	204	108	201	179	62	685	160	47	118	54	180	141	394	31	224	129	57	147	134	231	127	235	125	72	98	157	130	71	149	92	348	313	132	56	134	93	92	76	33	170	314	88	73	364	175	79	133	93	189	152	ENSG00000163466.15	ARPC2
chr2:218225955-218228737	N_w	115	148	110	216	169	53	448	181	69	114	74	155	123	248	36	163	157	67	156	121	282	102	229	159	83	108	165	152	79	134	84	285	207	136	44	131	88	57	84	34	125	233	78	73	278	142	85	158	87	147	160	ENSG00000163466.15	ARPC2
chr2:218228797-218239390	N_w	0	0	0	0	0	0	0	1	0	2	0	0	0	0	0	1	0	0	2	0	0	0	0	0	0	0	0	2	1	1	0	0	0	0	0	2	1	0	0	0	2	2	0	0	0	0	2	1	1	0	0	ENSG00000163466.15	ARPC2
chr2:218228851-218234351	N_w	140	165	143	251	296	127	360	233	148	149	137	172	173	181	98	190	184	104	135	147	319	130	227	296	113	158	154	223	99	117	104	428	348	205	47	198	147	45	142	90	155	281	81	84	326	147	167	211	108	181	181	ENSG00000163466.15	ARPC2
chr2:218228851-218238663	N_w	5	11	1	6	4	3	17	10	3	10	5	4	6	7	1	2	6	7	8	2	9	2	3	8	2	1	3	8	1	2	5	11	4	10	4	6	2	3	9	2	10	25	14	1	17	10	2	1	3	9	3	ENSG00000163466.15	ARPC2
chr2:218228851-218245419	N_w	0	2	0	0	0	0	0	0	0	0	0	0	0	0	0	0	0	0	0	0	1	0	0	0	0	0	0	2	0	0	0	0	0	0	0	1	0	0	0	0	0	3	1	0	0	0	0	0	0	0	0	ENSG00000163466.15	ARPC2
chr2:218234398-218234848	N_w	1	0	0	0	1	1	5	1	0	0	0	1	2	1	1	0	0	0	0	1	1	1	0	0	0	1	0	0	0	0	0	0	0	0	1	0	0	0	0	0	0	1	0	0	0	0	0	0	0	2	0	ENSG00000163466.15	ARPC2
chr2:218234398-218238663	N_w	118	258	134	305	368	189	389	321	199	183	175	189	223	202	181	186	206	192	184	183	323	181	263	316	113	160	186	215	96	154	122	447	318	234	80	235	133	47	119	92	167	349	103	102	383	150	216	211	116	185	179	ENSG00000163466.15	ARPC2
chr2:218235045-218238663	N_w	0	0	1	1	1	1	2	0	0	2	0	0	1	0	0	0	0	0	0	1	1	1	0	1	0	0	4	3	0	1	0	0	0	0	0	1	0	0	1	1	1	1	2	0	3	0	1	2	1	0	0	ENSG00000163466.15	ARPC2
chr2:218236734-218238663	N_w	2	1	2	3	1	0	0	0	0	4	0	0	2	1	1	0	0	2	1	0	0	0	0	1	0	0	1	0	0	0	2	6	0	0	0	1	1	0	1	0	0	1	1	0	0	2	1	2	0	5	2	ENSG00000163466.15	ARPC2
chr2:218238851-218239390	N_w	122	195	199	423	327	185	314	335	247	199	190	160	238	181	169	137	203	152	172	168	279	179	247	379	172	211	231	299	159	163	137	386	236	196	94	216	113	22	130	109	197	214	92	110	292	184	204	319	99	141	153	ENSG00000163466.15	ARPC2
chr2:218238851-218245419	N_w	0	0	0	1	0	0	1	1	0	0	0	0	1	1	0	3	0	1	0	0	3	0	0	0	1	0	1	1	0	0	0	2	0	0	0	0	0	0	0	1	0	3	2	0	0	5	1	1	0	2	0	ENSG00000163466.15	ARPC2
chr2:218239485-218245419	N_w	161	360	155	392	269	271	492	347	241	209	202	235	260	327	215	298	187	278	192	168	286	257	347	289	144	209	256	270	146	208	205	675	394	306	213	316	209	162	191	104	301	545	150	175	553	265	280	348	164	321	228	ENSG00000163466.15	ARPC2
chr2:218239485-218249363	N_w	0	5	0	4	1	0	3	1	2	0	0	0	1	1	0	0	1	1	0	1	3	1	1	2	2	0	1	1	0	0	2	5	2	1	0	0	3	0	2	0	2	10	0	2	3	0	0	2	2	1	3	ENSG00000163466.15	ARPC2
chr2:218245547-218249363	N_w	203	450	265	570	369	239	755	467	276	289	241	278	354	533	218	498	228	284	278	203	369	298	372	364	199	255	362	430	200	266	267	1415	872	569	361	545	358	222	358	137	440	1293	214	230	1193	484	328	529	271	1035	398	ENSG00000163466.15	ARPC2
chr2:218249465-218249820	N_w	221	481	209	534	406	283	848	389	259	284	245	361	384	518	237	385	270	284	277	192	432	285	417	362	193	239	269	440	190	229	284	1407	853	532	439	535	339	234	351	163	455	1101	223	237	1003	358	305	431	267	960	423	ENSG00000163466.15	ARPC2
chr2:218249922-218253890	N_w	206	412	229	719	398	297	585	514	336	311	275	245	396	438	260	295	240	335	297	213	357	286	378	433	266	252	373	465	188	225	260	1020	643	527	387	552	301	125	374	174	345	770	212	205	678	297	268	527	225	585	400	ENSG00000163466.15	ARPC2
chrX:17656365-17687741	N_w	1	3	1	3	3	0	3	1	0	1	0	2	0	1	0	1	0	0	0	0	0	1	0	1	0	0	0	1	0	0	0	0	0	0	0	0	0	0	0	0	0	0	0	0	0	1	0	0	0	0	0	ENSG00000188158.14	NHS
chrX:17687895-17692334	N_w	2	4	3	0	6	1	8	0	0	3	0	0	0	4	0	7	6	0	2	4	3	2	4	0	0	0	2	0	1	2	0	0	0	1	0	0	0	0	0	0	0	1	0	0	0	0	0	0	0	0	1	ENSG00000188158.14	NHS
chrX:17692469-17719343	N_w	0	0	0	0	1	0	1	0	0	0	0	0	0	0	1	5	3	0	0	0	2	0	2	1	0	0	0	0	0	1	0	1	0	0	0	0	0	0	0	0	0	0	0	0	0	0	1	0	0	0	0	ENSG00000188158.14	NHS
chrX:17692469-17721440	N_w	2	6	0	0	0	3	1	1	0	0	1	0	0	2	0	1	1	0	0	3	0	0	0	1	0	0	0	1	0	3	0	0	0	1	0	1	0	0	0	0	0	0	0	0	0	0	0	0	0	0	0	ENSG00000188158.14	NHS
chrX:17719407-17721440	N_w	0	0	0	0	2	0	0	0	0	0	0	0	0	0	0	3	0	0	0	1	2	1	1	0	0	0	0	0	0	0	0	0	0	0	0	0	0	0	0	0	0	0	0	0	0	0	0	0	0	0	0	ENSG00000188158.14	NHS
chrX:17720224-17721440	N_w	1	2	0	0	0	1	0	0	0	0	0	0	0	0	0	4	2	2	0	0	0	4	0	0	0	0	0	0	0	0	0	0	0	0	0	0	0	1	0	0	0	0	0	0	1	1	1	0	0	1	0	ENSG00000188158.14	NHS
chrX:17721634-17724298	N_w	2	10	3	0	6	3	19	4	1	3	2	1	2	3	1	4	12	4	1	7	10	7	12	7	0	1	1	0	0	1	0	1	1	0	0	1	0	0	0	0	1	4	0	0	1	2	3	0	1	2	3	ENSG00000188158.14	NHS
chrX:17724431-17725346	N_w	3	3	1	0	9	2	7	4	3	4	1	2	0	12	1	6	5	3	1	10	7	7	2	8	0	3	4	2	0	2	0	1	1	0	0	0	0	0	0	0	2	2	1	0	5	0	7	0	1	2	0	ENSG00000188158.14	NHS
chrX:17728329-17728648	N_w	9	13	4	2	11	8	10	6	1	10	3	5	6	7	6	8	15	8	8	12	16	13	6	10	0	6	8	7	2	3	0	2	0	0	0	1	1	0	1	0	2	2	1	0	3	1	6	1	0	4	1	ENSG00000188158.14	NHS
chrX:17728776-17731857	N_w	5	14	4	4	10	8	20	6	1	13	5	2	3	16	3	5	10	8	7	8	9	7	13	7	1	5	6	3	1	8	2	3	1	7	0	3	0	3	0	1	0	5	0	1	4	3	10	2	4	6	0	ENSG00000188158.14	NHS
chrX:71911368-72009345	N_w	0	0	0	0	0	0	0	0	0	0	0	0	0	0	0	0	3	0	0	0	0	0	0	0	0	0	0	0	0	0	0	0	3	0	0	0	0	6	0	0	0	3	0	2	3	0	0	0	0	7	0	ENSG00000204131.9	NHSL2
chrX:72009415-72138440	N_w	0	0	0	0	0	0	0	0	0	0	0	0	0	0	0	5	4	0	0	0	5	0	0	0	0	0	0	0	0	0	0	0	6	0	0	6	0	16	0	4	9	7	0	0	10	0	0	0	3	6	6	ENSG00000204131.9	NHSL2
chrX:72131055-72138440	N_w	0	0	0	0	0	0	0	0	0	0	0	0	0	0	0	0	0	0	0	0	0	0	0	0	0	0	0	0	0	0	0	3	2	0	0	0	0	1	0	0	1	0	0	0	0	0	0	0	1	1	1	ENSG00000204131.9	NHSL2
chrX:72134219-72134508	N_w	0	0	1	0	0	2	2	0	0	0	0	0	0	0	7	4	0	0	0	0	2	1	2	0	0	0	0	0	0	0	1	3	2	1	1	1	0	4	0	2	1	2	0	0	5	0	2	0	0	2	2	ENSG00000204131.9	NHSL2
chrX:72134705-72137093	N_w	0	2	0	0	1	1	1	0	0	0	1	0	0	0	0	3	1	1	0	2	2	1	0	0	0	0	0	0	0	0	1	1	0	4	0	1	0	5	0	2	2	1	0	0	1	0	3	0	0	0	2	ENSG00000204131.9	NHSL2
chrX:72134705-72138440	N_w	0	0	0	0	1	0	0	0	0	0	0	0	0	0	0	3	1	1	0	0	0	1	1	0	0	1	0	0	0	0	0	0	0	2	0	0	0	6	0	0	2	4	0	0	0	0	1	0	3	2	0	ENSG00000204131.9	NHSL2
chrX:72137226-72138440	N_w	0	1	0	0	0	0	3	0	2	0	0	0	0	0	0	3	2	1	1	0	0	1	0	0	0	0	1	0	0	0	0	2	1	1	0	0	0	1	0	1	1	2	0	1	0	1	3	1	0	1	1	ENSG00000204131.9	NHSL2
chrX:72140772-72142231	N_w	3	7	0	4	7	0	23	2	3	4	6	2	1	6	8	20	9	3	3	1	14	1	5	2	0	1	3	7	0	2	4	40	21	20	2	24	5	47	8	11	27	41	9	5	39	2	8	0	8	30	20	ENSG00000204131.9	NHSL2
chrX:72142365-72143252	N_w	1	2	4	0	6	0	3	3	1	1	1	2	1	1	4	5	6	1	0	1	13	1	2	3	1	0	2	1	0	1	3	4	5	10	0	3	2	10	0	5	15	6	3	4	9	0	6	0	4	2	3	ENSG00000204131.9	NHSL2
chrX:72144539-72146363	N_w	0	0	0	0	0	0	0	0	0	0	0	0	0	0	0	0	1	0	0	1	0	0	0	0	0	0	0	0	0	0	1	1	1	1	0	2	0	0	0	0	1	0	0	0	0	0	1	0	0	0	0	ENSG00000204131.9	NHSL2
chrX:72144539-72159836	N_w	0	0	0	0	0	0	0	0	0	0	0	0	0	0	0	0	0	0	0	0	0	0	0	0	0	0	0	0	0	0	0	1	0	1	0	0	1	0	0	0	0	4	0	0	2	0	1	0	0	0	1	ENSG00000204131.9	NHSL2
chr3:9792706-9797658	N_w	0	0	1	7	0	0	1	0	0	2	0	1	2	5	0	0	3	0	1	0	4	1	1	0	0	0	1	1	2	0	0	0	0	0	0	0	0	0	0	0	0	2	0	0	1	0	1	1	0	0	0	ENSG00000241553.12	ARPC4
chr3:9793125-9797658	N_w	9	24	6	9	20	5	49	9	0	19	1	14	19	46	0	22	16	2	7	12	13	7	12	4	4	9	12	5	4	10	10	12	13	0	5	4	6	8	3	6	8	22	11	5	35	18	18	10	4	11	2	ENSG00000241553.12	ARPC4
chr3:9797778-9799878	N_w	2	2	4	4	2	3	15	7	1	5	3	2	3	1	1	1	3	0	1	3	2	6	4	1	1	4	4	4	1	4	0	19	3	5	2	6	3	0	3	0	3	11	3	3	4	4	1	3	4	6	8	ENSG00000241553.12	ARPC4
chr3:9797778-9800184	N_w	91	174	67	211	140	89	368	168	63	131	77	129	112	223	54	101	123	102	86	102	169	98	147	143	46	80	116	130	64	87	68	193	140	109	70	103	81	24	82	79	114	163	49	53	164	178	105	120	49	119	93	ENSG00000241553.12	ARPC4
chr3:9797778-9801660	N_w	0	0	2	0	2	3	2	1	1	1	0	0	0	0	0	0	1	0	1	0	2	1	1	1	0	0	2	4	0	0	0	1	1	0	1	1	1	0	0	1	0	0	1	0	0	0	2	0	0	0	0	ENSG00000241553.12	ARPC4
chr3:9797778-9803842	N_w	0	0	0	0	1	0	0	0	0	0	0	0	0	0	0	1	0	1	1	0	0	1	2	0	0	0	0	0	0	2	0	0	0	2	0	0	0	0	0	0	1	1	0	1	2	0	0	0	0	3	1	ENSG00000241553.12	ARPC4
chr3:9800068-9800184	N_w	2	13	5	14	8	9	18	10	10	7	2	3	8	12	0	1	3	8	1	7	5	6	9	6	4	7	4	7	3	7	4	20	2	10	3	10	7	7	3	3	5	4	4	3	11	8	4	5	5	10	2	ENSG00000241553.12	ARPC4
chr3:9800297-9801660	N_w	83	171	93	199	173	81	308	164	79	141	100	106	124	181	89	73	137	106	99	96	188	111	155	191	84	90	124	165	58	82	56	135	77	77	51	73	67	31	57	97	86	114	54	37	123	140	139	138	44	87	61	ENSG00000241553.12	ARPC4
chr3:9800297-9803842	N_w	4	8	5	2	4	0	6	3	1	3	1	3	1	6	0	3	1	4	3	3	6	3	3	3	0	1	3	2	1	3	0	9	7	3	1	2	2	0	3	1	4	5	1	1	6	3	0	2	3	3	4	ENSG00000241553.12	ARPC4
chr3:9801757-9803535	N_w	0	0	0	0	0	0	1	0	0	0	0	0	0	0	1	0	1	0	0	0	1	0	0	0	0	1	0	0	0	0	1	1	0	0	0	0	0	0	0	0	0	0	0	2	0	0	1	1	0	0	0	ENSG00000241553.12	ARPC4
chr3:9801757-9803842	N_w	127	251	88	212	208	161	465	208	134	158	123	119	164	200	135	163	129	143	117	110	210	159	209	198	78	79	170	177	60	105	86	350	215	150	100	151	75	59	84	107	146	254	99	73	326	130	156	184	69	248	121	ENSG00000241553.12	ARPC4
chr3:9803708-9803842	N_w	0	2	1	0	0	1	0	1	0	0	1	0	2	1	1	1	0	2	0	0	1	1	1	0	0	0	1	2	0	0	1	3	1	2	1	1	0	2	0	1	1	2	0	2	7	0	0	1	0	5	0	ENSG00000241553.12	ARPC4
chr3:9804014-9806209	N_w	109	292	141	446	281	263	584	333	225	225	170	225	268	299	190	237	178	262	187	151	252	182	270	250	141	179	257	263	156	165	117	473	253	245	219	218	159	73	197	145	180	337	117	135	418	268	192	284	104	311	164	ENSG00000241553.12	ARPC4
chr7:99326005-99333324	N_w	32	70	25	24	32	28	178	103	32	58	33	43	31	117	38	142	37	44	65	54	88	51	84	83	15	39	43	25	21	40	46	232	181	80	43	79	54	41	44	12	83	231	28	39	258	36	71	36	55	167	72	ENSG00000241685.9	ARPC1A
chr7:99326005-99338180	N_w	0	0	0	0	0	0	0	2	0	0	0	0	0	0	0	0	1	1	0	0	0	0	2	0	0	0	1	0	0	0	0	2	0	0	0	1	0	0	0	0	1	1	0	0	0	0	1	0	0	0	0	ENSG00000241685.9	ARPC1A
chr7:99333418-99336516	N_w	0	0	2	0	0	0	0	0	0	0	0	0	0	0	0	0	0	0	0	0	0	0	0	0	0	0	0	0	0	0	1	2	1	0	0	0	0	0	0	0	0	1	0	0	1	0	0	2	0	0	2	ENSG00000241685.9	ARPC1A
chr7:99333418-99338180	N_w	107	165	101	140	141	97	387	206	93	145	80	122	120	203	115	240	163	118	126	119	244	152	223	241	77	108	114	119	62	109	88	409	284	192	67	177	131	66	125	72	158	346	68	98	344	80	133	128	111	250	156	ENSG00000241685.9	ARPC1A
chr7:99338286-99344292	N_w	54	124	64	109	110	59	175	89	46	65	55	62	68	89	68	89	111	110	98	63	128	123	118	132	60	85	92	101	56	65	89	319	207	147	67	157	106	46	93	66	166	293	41	77	286	52	80	98	96	187	115	ENSG00000241685.9	ARPC1A
chr7:99344516-99348851	N_w	90	156	76	183	170	122	366	145	110	108	75	130	121	185	152	161	180	119	130	113	224	120	264	187	96	100	143	117	69	141	84	355	197	189	100	183	109	58	112	73	164	224	81	83	282	83	159	147	72	144	118	ENSG00000241685.9	ARPC1A
chr7:99344516-99353908	N_w	3	2	0	1	0	0	2	1	0	1	2	0	0	1	1	2	0	0	0	2	1	2	4	1	1	0	2	1	1	1	1	0	3	2	0	1	2	1	0	1	1	2	0	0	0	0	3	0	0	1	0	ENSG00000241685.9	ARPC1A
chr7:99348960-99349247	N_w	0	0	1	0	0	1	0	1	0	0	0	0	0	0	0	1	0	0	0	0	0	0	0	0	1	0	1	1	0	0	0	1	0	0	0	0	0	0	0	0	0	0	0	0	0	0	0	0	2	0	1	ENSG00000241685.9	ARPC1A
chr7:99348960-99353908	N_w	26	48	29	52	62	24	56	42	28	35	38	38	50	48	34	41	48	38	47	38	68	34	55	76	26	31	45	46	39	31	22	51	39	40	23	29	28	15	31	26	30	49	18	13	74	23	51	66	22	30	34	ENSG00000241685.9	ARPC1A
chr7:99348960-99358339	N_w	0	1	0	0	0	0	1	0	0	0	0	0	1	0	0	0	0	0	0	0	1	4	2	2	0	0	1	0	0	0	0	1	0	0	0	0	1	0	0	1	0	0	0	0	1	0	3	0	0	0	0	ENSG00000241685.9	ARPC1A
chr7:99354122-99358339	N_w	10	20	30	44	52	26	28	21	13	32	9	24	31	29	13	25	42	34	35	27	36	21	44	41	24	28	49	37	29	26	20	37	21	16	18	30	20	6	23	29	33	31	9	24	39	37	44	53	25	13	25	ENSG00000241685.9	ARPC1A
chr7:99358416-99359544	N_w	60	89	61	148	96	104	197	100	30	83	49	85	105	142	78	132	85	133	108	69	141	84	152	120	64	58	121	99	78	64	87	269	186	108	120	126	95	81	84	66	113	237	71	86	254	77	137	119	83	204	89	ENSG00000241685.9	ARPC1A
chr7:99359739-99363542	N_w	80	115	68	189	134	112	174	136	76	102	92	83	112	131	104	97	128	161	113	107	168	105	137	210	98	75	143	85	96	76	87	238	130	120	105	149	103	24	108	61	142	175	82	66	176	76	139	152	65	107	111	ENSG00000241685.9	ARPC1A
chr7:99359739-99365890	N_w	0	0	1	0	0	0	0	0	0	0	1	0	2	0	0	0	0	2	0	0	0	0	0	1	0	0	0	0	0	2	0	0	0	0	0	0	0	0	0	0	0	1	0	0	0	0	1	0	0	0	1	ENSG00000241685.9	ARPC1A
chr7:99360275-99363542	N_w	0	0	0	1	0	0	0	0	0	1	0	0	0	0	0	2	0	0	1	0	2	0	1	0	0	1	0	1	0	1	0	1	2	0	0	0	1	0	0	0	0	1	1	0	0	0	1	0	0	0	0	ENSG00000241685.9	ARPC1A
chr7:99363634-99365890	N_w	55	108	75	200	147	104	229	143	73	90	56	103	112	145	81	105	139	151	111	81	152	98	142	177	119	89	118	110	101	77	86	297	216	155	183	162	104	71	142	91	139	223	84	70	245	108	164	166	72	184	114	ENSG00000241685.9	ARPC1A
chr3:10115820-10118905	N_w	3	14	6	7	2	4	20	16	9	9	2	10	5	12	7	6	2	7	8	7	11	12	6	7	5	5	3	10	4	6	17	65	23	24	23	41	18	6	25	8	24	33	11	9	54	15	3	8	4	22	12	ENSG00000254999.3	BRK1
chr3:10115820-10125625	N_w	194	450	148	455	247	198	961	443	232	219	186	239	219	429	227	442	270	331	328	305	535	350	470	450	200	182	294	265	156	175	242	1054	615	550	262	534	297	105	331	152	398	700	211	231	946	380	299	344	263	491	451	ENSG00000254999.3	BRK1
chr3:10115820-10126268	N_w	0	0	0	1	0	0	2	3	1	1	0	0	0	0	1	0	1	2	0	1	0	0	1	0	0	0	3	1	0	1	0	5	4	2	1	2	1	0	1	0	2	5	2	1	8	0	0	1	2	5	0	ENSG00000254999.3	BRK1
chr3:10118971-10125611	N_w	0	0	1	0	0	0	3	1	0	0	0	0	0	0	1	0	0	0	0	0	2	0	0	0	0	0	0	0	1	1	1	3	2	0	0	0	0	0	1	0	0	0	1	2	1	0	0	0	2	3	0	ENSG00000254999.3	BRK1
chr3:10118971-10125625	N_w	15	23	9	26	13	14	27	20	14	13	10	8	9	18	9	11	7	20	8	12	14	24	19	18	5	8	16	21	10	11	19	61	30	46	15	41	29	11	52	13	29	40	18	12	64	19	8	26	11	37	40	ENSG00000254999.3	BRK1
chr3:10125709-10126268	N_w	192	494	171	599	386	320	1034	441	266	255	254	255	349	389	297	519	361	516	343	317	608	420	587	463	220	243	467	401	209	226	247	1093	519	548	341	472	292	136	287	194	401	745	218	195	881	369	377	530	231	539	363	ENSG00000254999.3	BRK1
chr15:22869568-22869996	N_w	0	0	0	0	1	0	1	0	0	0	0	0	1	0	0	0	0	0	0	0	0	0	0	0	0	1	1	0	0	0	0	0	1	0	1	0	0	0	0	0	0	2	0	1	0	0	0	0	0	0	0	ENSG00000273749.4	CYFIP1
chr15:22869568-22870009	N_w	0	1	0	1	0	0	0	0	0	0	0	2	0	0	0	1	0	0	0	0	0	0	1	0	0	0	0	1	1	2	0	0	0	0	0	0	0	0	0	0	0	0	0	0	0	0	2	0	0	0	0	ENSG00000273749.4	CYFIP1
chr15:22870193-22872824	N_w	17	24	32	85	30	21	30	50	37	34	21	32	33	22	54	58	45	45	21	19	78	27	25	60	28	34	36	43	23	15	10	24	14	34	14	25	25	3	17	15	19	23	13	13	13	25	62	44	8	22	16	ENSG00000273749.4	CYFIP1
chr15:22870193-22873490	N_w	1	0	1	1	0	1	0	0	0	0	0	0	1	0	0	0	0	0	0	0	0	0	0	0	0	0	1	0	1	0	0	0	0	1	0	0	0	0	1	0	0	0	0	0	0	0	0	0	1	0	0	ENSG00000273749.4	CYFIP1
chr15:22872973-22873490	N_w	52	34	38	128	51	39	113	78	28	44	38	66	59	60	101	113	104	55	57	47	135	54	63	48	35	35	51	84	38	41	20	60	40	36	29	39	28	18	24	14	33	49	32	15	60	79	140	58	21	35	29	ENSG00000273749.4	CYFIP1
chr15:22873730-22874549	N_w	23	45	26	77	38	24	56	56	28	27	19	18	31	45	55	49	53	48	34	29	74	26	48	35	20	22	32	53	24	31	12	24	20	23	6	37	20	6	14	13	20	26	8	9	40	39	70	45	3	25	14	ENSG00000273749.4	CYFIP1
chr15:22874645-22875198	N_w	36	46	40	120	59	38	70	65	53	45	32	61	51	49	89	106	83	87	42	41	107	45	57	40	22	34	55	72	31	41	22	49	34	34	24	52	24	14	21	13	26	40	25	21	43	61	123	61	10	28	35	ENSG00000273749.4	CYFIP1
chr15:22875272-22879912	N_w	36	57	41	92	51	28	150	55	37	43	41	45	58	66	57	107	102	47	35	44	130	44	48	46	27	26	32	66	28	26	16	57	46	27	15	39	29	20	22	15	22	60	16	18	51	69	98	45	12	37	25	ENSG00000273749.4	CYFIP1
chr15:22880044-22881845	N_w	49	45	43	120	59	35	86	60	15	44	41	56	60	35	31	92	95	46	42	33	129	39	56	45	27	34	52	66	28	33	21	43	34	31	17	25	28	11	19	11	33	37	16	18	34	68	115	45	11	24	28	ENSG00000273749.4	CYFIP1
chr15:22881937-22882867	N_w	36	37	32	65	34	18	67	39	17	42	23	27	29	43	23	60	60	40	24	26	99	46	39	40	21	29	28	37	21	21	11	27	22	13	10	16	15	12	8	16	16	23	13	11	28	40	75	33	2	26	13	ENSG00000273749.4	CYFIP1
chr15:22882021-22882867	N_w	0	1	0	0	1	0	0	2	1	1	0	0	0	1	0	0	0	2	0	1	1	0	1	0	0	0	0	0	0	0	1	1	2	0	0	0	0	1	0	0	0	2	0	0	1	0	0	0	1	2	0	ENSG00000273749.4	CYFIP1
chr15:22883012-22892889	N_w	42	51	31	87	49	25	106	59	28	37	30	32	36	72	63	83	72	41	25	46	123	51	62	62	21	30	32	58	15	30	6	52	24	34	5	33	26	12	21	13	22	38	11	9	36	42	103	37	10	34	24	ENSG00000273749.4	CYFIP1
chr15:22892978-22903705	N_w	49	57	49	116	67	29	123	64	32	43	42	43	84	75	70	128	107	42	43	60	113	39	87	50	38	50	65	76	36	48	18	53	31	36	8	41	19	16	11	12	29	58	28	18	43	57	104	58	13	37	32	ENSG00000273749.4	CYFIP1
chr15:22903906-22909193	N_w	29	50	23	69	33	13	66	50	32	43	28	33	40	73	71	114	76	31	38	29	90	33	60	37	15	17	40	42	14	26	8	54	32	33	7	31	20	13	13	13	24	57	14	17	39	48	126	40	8	33	24	ENSG00000273749.4	CYFIP1
chr15:22909314-22910519	N_w	29	49	26	75	38	36	93	62	38	39	32	28	56	48	65	114	80	52	43	34	88	44	54	44	22	25	39	45	21	32	10	43	34	31	7	36	23	17	19	19	20	50	8	7	39	39	82	40	10	42	22	ENSG00000273749.4	CYFIP1
chr15:22910629-22910736	N_w	46	48	24	66	39	26	100	58	38	28	44	30	39	64	81	141	54	59	38	31	99	39	62	49	18	38	35	57	21	22	15	69	46	37	4	38	15	30	16	16	26	55	9	10	57	28	89	39	19	56	28	ENSG00000273749.4	CYFIP1
chr15:22910814-22912178	N_w	59	46	34	104	36	30	85	89	40	45	51	32	36	52	96	132	96	49	34	34	123	61	66	74	21	29	46	57	16	32	16	36	25	44	10	27	21	8	16	16	19	53	9	9	37	32	103	37	24	37	31	ENSG00000273749.4	CYFIP1
chr15:22912276-22914725	N_w	29	45	25	34	35	19	75	68	29	31	36	26	42	48	46	112	68	34	30	35	93	39	44	45	6	17	20	34	10	18	10	24	17	13	2	16	11	9	8	4	14	30	13	5	20	47	73	21	6	19	16	ENSG00000273749.4	CYFIP1
chr15:22914883-22916476	N_w	15	32	20	34	17	15	47	41	20	22	26	12	26	34	64	90	47	33	17	18	72	23	28	30	11	9	19	23	7	9	5	25	23	27	1	17	14	9	6	9	12	26	13	6	17	18	62	19	15	23	20	ENSG00000273749.4	CYFIP1
chr15:22914883-22916881	N_w	6	1	2	3	5	0	7	9	1	0	0	3	4	2	1	2	0	9	7	7	6	8	7	17	1	1	3	7	3	4	0	0	0	0	0	0	0	0	1	0	0	0	0	0	0	2	1	6	0	0	0	ENSG00000273749.4	CYFIP1
chr15:22916631-22916881	N_w	1	1	0	7	1	0	2	5	2	2	1	1	1	3	0	0	2	2	2	1	1	2	5	1	1	3	3	1	0	1	1	1	2	2	0	0	0	0	0	2	0	2	0	1	2	1	2	1	0	0	1	ENSG00000273749.4	CYFIP1
chr15:22916631-22917787	N_w	11	9	13	12	17	10	11	20	4	10	11	1	14	6	7	42	38	13	10	10	32	10	10	16	3	4	7	9	3	5	5	10	6	4	0	17	10	4	1	4	10	6	6	3	5	17	59	2	6	7	8	ENSG00000273749.4	CYFIP1
chr15:22917030-22917787	N_w	4	0	4	2	4	6	4	1	0	0	0	3	2	1	0	3	2	4	4	1	3	1	2	4	3	4	1	8	2	2	0	0	0	1	1	0	0	0	0	0	0	1	1	0	0	2	1	5	0	0	1	ENSG00000273749.4	CYFIP1
chr15:22917936-22918691	N_w	36	52	27	54	44	19	64	35	11	21	19	32	42	29	23	68	58	37	23	31	96	35	49	36	12	16	18	29	8	17	10	28	14	16	0	16	10	10	9	5	18	14	8	11	15	20	76	11	5	26	23	ENSG00000273749.4	CYFIP1
chr15:22918859-22925981	N_w	15	23	13	20	31	7	27	20	11	15	13	14	20	18	18	40	66	15	16	21	62	18	17	18	8	5	10	21	2	15	4	4	7	7	1	12	2	4	5	5	10	11	4	5	7	19	46	4	3	9	9	ENSG00000273749.4	CYFIP1
chr15:22926108-22927905	N_w	11	17	8	20	32	3	44	10	0	11	3	13	10	18	1	46	35	5	18	9	39	21	25	2	7	6	22	18	4	11	8	6	6	3	0	3	4	8	0	5	7	10	2	6	13	19	56	10	0	4	3	ENSG00000273749.4	CYFIP1
chr15:22928029-22932222	N_w	4	18	18	12	24	5	26	9	0	6	3	8	15	14	5	31	26	6	12	12	35	12	11	14	6	13	11	11	3	6	1	5	6	1	0	4	2	3	2	5	8	9	5	3	4	13	31	7	2	7	5	ENSG00000273749.4	CYFIP1
chr15:22928029-22933801	N_w	0	0	0	2	0	0	1	0	0	0	0	0	0	0	0	2	0	0	0	1	0	0	0	0	0	0	0	2	0	0	0	1	0	0	0	1	0	0	0	0	0	0	0	0	0	1	0	0	1	0	0	ENSG00000273749.4	CYFIP1
chr15:22932341-22933801	N_w	33	42	15	40	47	11	95	74	44	29	42	41	31	49	83	105	64	40	18	27	113	51	59	43	15	21	34	27	9	22	7	38	21	28	5	24	17	12	11	7	17	38	8	7	28	26	78	24	8	19	24	ENSG00000273749.4	CYFIP1
chr15:22933894-22937103	N_w	36	40	30	52	50	24	106	54	42	20	40	25	33	51	74	124	69	37	20	41	134	47	54	42	6	26	39	38	18	27	8	32	24	24	1	21	14	13	5	9	26	30	12	6	30	24	70	14	14	31	14	ENSG00000273749.4	CYFIP1
chr15:22937209-22939191	N_w	36	33	16	23	42	14	58	48	25	22	24	20	25	28	51	54	67	18	12	31	105	36	43	41	8	17	11	20	6	9	8	15	25	19	2	14	14	3	2	5	11	16	3	2	19	10	64	13	2	12	7	ENSG00000273749.4	CYFIP1
chr15:22939321-22939410	N_w	28	26	20	24	43	13	38	40	26	24	31	11	23	18	34	35	57	27	24	23	70	31	29	37	7	9	16	23	7	12	4	13	12	8	0	3	1	6	4	5	5	8	2	3	5	12	44	7	3	4	4	ENSG00000273749.4	CYFIP1
chr15:22939508-22943172	N_w	45	67	24	33	46	13	102	81	35	26	31	37	37	44	70	144	88	44	27	36	111	48	62	47	4	23	19	37	5	18	5	34	19	21	0	29	12	14	3	12	22	42	5	9	31	28	100	6	13	30	22	ENSG00000273749.4	CYFIP1
chr15:22943355-22944557	N_w	44	36	20	15	37	14	64	54	29	20	24	11	21	29	52	87	51	29	21	27	75	33	42	36	4	12	17	24	7	17	10	28	27	20	2	10	7	10	5	4	13	21	7	5	24	25	61	14	6	28	17	ENSG00000273749.4	CYFIP1
chr15:22944660-22944861	N_w	48	68	35	40	43	12	110	64	42	20	38	34	31	52	54	95	72	35	32	45	138	53	55	40	5	27	35	49	10	23	6	27	30	30	1	34	17	7	5	9	27	34	9	12	21	25	73	16	15	30	20	ENSG00000273749.4	CYFIP1
chr15:22944940-22947002	N_w	18	25	10	11	21	5	42	25	8	16	7	14	10	10	27	70	28	10	12	14	44	20	17	19	2	5	10	13	5	8	2	8	5	13	0	10	1	0	2	5	7	9	0	5	9	17	37	4	7	12	10	ENSG00000273749.4	CYFIP1
chr15:22944940-22947168	N_w	0	0	0	1	0	0	0	0	0	0	0	0	1	0	0	3	1	0	0	0	3	1	0	0	0	0	0	0	0	1	0	1	0	0	0	0	0	1	0	0	0	1	0	0	0	0	1	0	0	0	0	ENSG00000273749.4	CYFIP1
chr15:22947093-22947168	N_w	16	25	22	15	24	7	72	19	9	15	6	10	19	22	12	74	60	13	15	22	72	23	27	17	3	11	31	18	3	15	5	15	8	3	4	2	4	7	1	4	10	22	6	4	18	12	28	3	5	10	11	ENSG00000273749.4	CYFIP1
chr15:22947292-22980286	N_w	3	4	3	3	2	0	10	0	0	2	1	5	5	5	0	12	5	1	2	0	9	3	6	1	0	1	0	4	0	4	1	4	3	0	0	1	0	3	0	1	2	5	0	3	8	5	3	1	1	1	0	ENSG00000273749.4	CYFIP1
chr15:22947319-22980286	N_w	0	1	1	0	0	0	0	0	0	0	1	0	0	0	1	2	1	0	0	1	1	0	0	0	0	0	0	0	0	0	1	0	0	0	0	0	0	0	0	0	1	0	0	0	0	0	2	0	0	0	0	ENSG00000273749.4	CYFIP1
